# NaN NaN NaN ;Mean Elev.(m), Avg Gradient(m/km), RMS Gradient(m/km) - SRTM1     
#   -7.038  -0.563   8.139 ;Mean Elev.(m), Avg Gradient(m/km), RMS Gradient(m/km) - ASTER GDEM
#    1.000  -0.222   8.462 ;Mean Elev.(m), Avg Gradient(m/km), RMS Gradient(m/km) - GMTED2010 
  7 174.759112  64.652107     1.681     1.769  8 52475.98240189 17.535
  8 174.759872  64.650399     1.084     0.962  8 52510.98235550 19.687
  9 174.772355  64.647337     1.247     1.184 11 52545.98237468 18.824
 10 174.764261  64.649915     0.923     0.947  9 52580.98239804 31.639
 11 174.750262  64.653226    28.817    26.003  3 52615.98236747  4.186
 12 174.780520  64.658100    46.010    46.191  4 52650.98234291  0.763
 13 174.758941  64.651482    41.997    42.795  7 52685.98233418  3.311
 14 174.762933  64.650457    36.186    40.105  9 52720.98238428  5.575
 15 174.742891  64.651629    40.555    40.594  4 52755.98240817  1.086
 16 174.775425  64.647564     2.213     2.295  8 52790.98235725 27.941
 17 174.773387  64.647832     1.780     1.566 11 52825.98242657 20.014
 18 174.773327  64.647336     2.654     1.125 11 52860.98247234 15.484
 19 174.758830  64.652423     0.858     0.924  7 52895.98250222 40.196
 20 174.747559  64.653197     0.821     0.832  3 52930.98245059 41.243
 21 174.772961  64.646177     0.517     0.470 11 52965.98244694 19.512
 22 174.755843  64.652932    37.807    37.556  7 53000.98247736  2.388
 23 174.749642  64.653091    38.114    38.040  4 53035.98242661  2.492
 24 174.767210  64.655085    43.297    43.306  5 53070.98244694  1.068
 25 174.743542  64.651381    39.445    39.669  4 53105.98242835  1.687
 26 174.773176  64.653515     1.295     1.259  7 53140.98245399 27.205
 27 174.765385  64.651120     2.514     2.249  9 53175.98248527 22.884
 28 174.760224  64.652192     1.718     1.830  8 53210.98250406 18.806
 29 174.758390  64.651745     1.175     1.239  7 53245.98247233 20.414
 30 174.770913  64.648391     8.899     9.388 11 53280.98245728 17.904
 31 174.766080  64.649735     0.836     0.850  9 53315.98247002 21.786
 32 174.760545  64.650329     0.764     0.719  7 53350.98243576 13.874
 33 174.779457  64.656207    45.887    45.767  5 53385.98241795  1.217
 34 174.778853  64.660789    45.566    45.566  2 53420.98242088  0.442
 37 174.768604  64.652356     3.366     3.335  7 53525.98249629 41.380
 38 174.753098  64.652458     1.673     1.819  6 53560.98252497 19.111
 39 174.759401  64.651618     1.815     1.870  7 53595.98246364 19.510
 40 174.770994  64.647733     4.784     2.522 11 53630.98245802 23.472
 41 174.760875  64.651506     0.688     0.714  8 53665.98248079 38.592
 42 174.760338  64.650776     0.957     0.892  7 53700.98243259 16.920
 44 174.778751  64.656747    44.163    44.058  5 53770.98234449  0.897
 47 174.771976  64.653588     1.222     1.236  8 53875.98240446 27.535
 48 174.762168  64.652240     1.898     1.874  7 53910.98245326 36.935
 49 174.752906  64.652924     1.450     1.367  5 53945.98247207 16.250
 50 174.753437  64.653047     1.541     1.493  6 53980.98241779 17.098
 51 174.778440  64.650762     0.300     0.329  6 54015.98243845 21.824
 52 174.771330  64.650018    23.615    24.942  5 54050.98243910  5.469
 53 174.758598  64.650960    39.981    40.040  8 54085.98243145  1.709
 54 174.744514  64.652803    37.671    37.728  4 54120.98235737  2.404
 55 174.768107  64.656986    44.717    44.742  5 54155.98238891  0.807
 56 174.750471  64.652766    40.905    40.917  4 54190.98235489  0.772
 57 174.766787  64.652285    47.829    45.703  8 54225.98240092  1.569
 58 174.764116  64.650168     3.085     3.125  8 54260.98242130 45.800
 59 174.765029  64.652935     0.895     0.948  8 54295.98242513 19.962
 60 174.759631  64.651821     1.725     1.657  8 54330.98241738 15.727
 61 174.750977  64.652974     1.676     1.659  4 54365.98236093 45.315
 62 174.764267  64.651488     0.730     0.728  8 54400.98235933 38.885
 63 174.753745  64.651946    41.151    41.733  5 54435.98231688  3.967
 64 174.774217  64.652786    44.459    44.365  7 54470.98234294  1.647
 65 174.753936  64.652952    41.449    41.368  6 54505.98232973  0.788
 67 174.757327  64.657539    42.111    42.111  2 54575.98233010  0.422
 68 174.764521  64.652594     1.269     1.336  7 54610.98234978 36.962
 69 174.762106  64.651174     1.742     1.928  9 54645.98235764 24.673
 70 174.760415  64.651456     1.461     1.445  8 54680.98235868 16.243
 71 174.751494  64.652134     1.071     1.014  5 54715.98230850 36.720
 72 174.769163  64.652983     0.880     0.972  8 54750.98232942 46.498
 73 174.756738  64.652945     0.494     0.524  7 54785.98229768 19.677
 74 174.763317  64.644800     0.441     0.419  7 54820.98232434 16.081
 75 174.764407  64.659404    33.133    37.330  3 54855.98229246  1.719
 76 174.764528  64.656874    40.451    40.414  5 54890.98232603  0.833
 77 174.752209  64.656643    28.871    28.871  2 54925.98229199  3.421
 78 174.766643  64.651808     1.124     1.114  7 54960.98232498 27.941
 79 174.761033  64.652574     2.375     2.449  8 54995.98234660 20.986
 80 174.760104  64.650404     1.580     1.455  8 55030.98233679 25.074
 81 174.758459  64.650886     1.162     1.209  8 55065.98232663 23.348
 82 174.747626  64.653204     1.384     1.604  3 55100.98226852 38.138
 83 174.765956  64.650344     1.254     1.214  8 55135.98227232 35.413
 84 174.761093  64.659052    27.349    27.349  2 55170.98223357  4.827
 88 174.760046  64.660030    41.358    41.358  2 55310.98222339  0.310
 89 174.763464  64.652287     3.180     3.366  8 55345.98222849 30.680
 90 174.758108  64.652036     1.728     1.671  7 55380.98222150 17.677
 91 174.768491  64.650119     1.844     1.250  9 55415.98224814 26.347
 92 174.757688  64.652438     1.589     1.687  7 55450.98223254 19.265
 93 174.748275  64.651638     1.010     1.009  4 55485.98215716 39.585
