# NaN NaN NaN ;Mean Elev.(m), Avg Gradient(m/km), RMS Gradient(m/km) - SRTM1     
#    4.645  -1.883  10.127 ;Mean Elev.(m), Avg Gradient(m/km), RMS Gradient(m/km) - ASTER GDEM
#    1.014  -1.243   9.725 ;Mean Elev.(m), Avg Gradient(m/km), RMS Gradient(m/km) - GMTED2010 
  8    32.830 52499.37628194  4.58 175.996757  64.854644 11.679
  8     0.780 52499.37628323 14.70 175.990867  64.860854 11.679
  8     0.715 52499.37628388 15.53 175.987917  64.863964 11.679
  8     1.150 52499.37628452 15.99 175.984964  64.867072 11.929
  8     1.577 52499.37628517 19.20 175.982014  64.870182 11.929
 11    41.131 52604.37628128  5.86 175.998090  64.850838  4.417
 11    39.238 52604.37628192  6.42 175.995141  64.853950  3.911
 11    36.649 52604.37628257  6.53 175.992191  64.857060  3.911
 11    31.353 52604.37628321  8.02 175.989241  64.860170  3.911
 11    30.465 52604.37628386  8.09 175.986301  64.863280  3.911
 11    25.573 52604.37628450 15.36 175.983351  64.866380  3.911
 11     0.834 52604.37628514 18.88 175.980401  64.869490  3.911
 11     0.772 52604.37628579 19.79 175.977451  64.872600  3.911
 12    50.882 52639.37626079  0.30 175.988545  64.840985  3.180
 12    45.111 52639.37626144  1.58 175.985605  64.844095  3.180
 12    42.844 52639.37626208  2.62 175.982655  64.847205  3.180
 12    40.007 52639.37626273  2.82 175.979705  64.850315  3.180
 12    37.691 52639.37626337  3.44 175.976755  64.853425  3.180
 12    35.202 52639.37626402  3.47 175.973805  64.856535  3.180
 12    28.367 52639.37626466  4.77 175.970865  64.859635  3.180
 12    28.033 52639.37626530  5.45 175.967915  64.862745  3.180
 12    23.175 52639.37626595 11.19 175.964955  64.865855  3.180
 12     1.691 52639.37626659 12.57 175.962005  64.868965  3.180
 13    47.716 52674.37625825  4.47 175.997560  64.851179  2.365
 13    45.288 52674.37625889  4.84 175.994620  64.854279  2.365
 13    42.704 52674.37625953  4.71 175.991670  64.857389  2.365
 13    39.472 52674.37626018  5.25 175.988720  64.860499  2.365
 13    36.867 52674.37626082  5.53 175.985770  64.863609  2.365
 13    33.659 52674.37626147  5.56 175.982820  64.866719  2.365
 13    31.651 52674.37626211  6.06 175.979880  64.869829  2.365
 14    54.563 52709.37627230  2.57 175.990375  64.843625  2.541
 14    50.245 52709.37627295  2.77 175.987425  64.846735  2.541
 14    47.418 52709.37627359  2.85 175.984475  64.849845  2.541
 14    44.443 52709.37627424  3.50 175.981525  64.852955  2.541
 14    42.148 52709.37627488  3.82 175.978585  64.856055  2.541
 14    38.934 52709.37627553  4.03 175.975635  64.859165  2.541
 14    34.670 52709.37627617  4.12 175.972685  64.862275  2.541
 14    32.653 52709.37627682  4.47 175.969735  64.865385  2.541
 14    30.606 52709.37627746  4.61 175.966785  64.868495  2.541
 16    30.516 52779.37623681  5.30 175.984680  64.842154 10.348
 16    22.706 52779.37623746  9.85 175.981730  64.845264 10.348
 16    22.021 52779.37623810 15.09 175.978780  64.848364 10.348
 16    22.031 52779.37623875 12.43 175.975830  64.851474 10.348
 16     1.258 52779.37624068 36.42 175.966980  64.860804 10.348
 16     1.542 52779.37624133 39.52 175.964030  64.863904 10.348
 16     0.948 52779.37624197 41.23 175.961080  64.867014 10.348
 17    42.569 52814.37632170  2.59 175.980111  64.846404 15.652
 17    29.917 52814.37632234  5.40 175.977161  64.849514 15.652
 17     0.501 52814.37632492 21.58 175.965371  64.861944 15.652
 17     1.404 52814.37632557 23.51 175.962411  64.865054 15.652
 17     1.651 52814.37632621 28.14 175.959461  64.868164 15.652
 18     0.973 52849.37637470 22.22 175.984622  64.848150 15.273
 18     0.299 52849.37637534 25.71 175.981672  64.851260 15.273
 18     0.929 52849.37637599 23.71 175.978722  64.854370 15.273
 18     0.252 52849.37637663 23.07 175.975772  64.857480 15.273
 18     0.404 52849.37637727 23.85 175.972832  64.860580 15.273
 18     1.107 52849.37637792 21.63 175.969882  64.863690 15.273
 18     2.264 52849.37637856 22.75 175.966922  64.866800 15.273
 19    35.988 52884.37640978  5.92 175.992738  64.847303 11.811
 19    35.867 52884.37641043  5.49 175.989798  64.850413 11.811
 19    34.774 52884.37641107  5.59 175.986848  64.853523 11.811
 19    32.329 52884.37641172  6.11 175.983898  64.856633 11.811
 19    31.328 52884.37641236  7.06 175.980948  64.859743 11.811
 19     1.142 52884.37641365 18.30 175.975058  64.865953 11.811
 19     1.743 52884.37641430 22.10 175.972108  64.869063 11.811
 20    32.810 52919.37636703 16.38 175.998809  64.853507 11.928
 20    31.943 52919.37636767 22.53 175.995869  64.856617 11.928
 20     0.092 52919.37636896 30.98 175.989969  64.862837 11.928
 20     0.322 52919.37636961 32.48 175.987029  64.865947 11.928
 20     0.474 52919.37637025 41.34 175.984079  64.869047 11.928
 20     0.593 52919.37637090 32.18 175.981129  64.872157 11.928
 21    31.053 52954.37632897 14.87 175.990286  64.845145  6.046
 21    31.029 52954.37632961 14.78 175.987336  64.848255  6.046
 21    30.846 52954.37633026 14.82 175.984386  64.851365  6.046
 21     0.857 52954.37633155 31.10 175.978486  64.857585  6.046
 21     0.555 52954.37633219 30.77 175.975536  64.860685  6.046
 21     0.713 52954.37633284 28.28 175.972586  64.863795  6.046
 21     1.074 52954.37633348 27.00 175.969636  64.866905  6.046
 21     1.532 52954.37633413 26.28 175.966686  64.870015  6.046
 22    32.268 52989.37633914  8.33 175.997599  64.852254  4.272
 22    31.777 52989.37633979  9.19 175.994649  64.855354  4.272
 22    30.341 52989.37634043 13.35 175.991709  64.858464  4.272
 22    26.060 52989.37634108 15.58 175.988759  64.861574  4.272
 22    26.182 52989.37634172 16.21 175.985809  64.864684  4.272
 22    26.494 52989.37634236 15.71 175.982859  64.867794  4.272
 22    26.560 52989.37634301 15.93 175.979909  64.870904  4.272
 23    34.495 53024.37632260  5.79 176.000191  64.857505  3.220
 23    33.864 53024.37632325  6.94 175.997241  64.860615  3.220
 23    30.661 53024.37632389  7.90 175.994301  64.863725  3.220
 23    26.866 53024.37632454 13.29 175.991351  64.866825  3.220
 23    26.455 53024.37632518 13.92 175.988401  64.869935  3.220
 23     0.511 53024.37632583 14.34 175.985451  64.873045  3.220
 23    20.289 53024.37632711 13.70 175.979551  64.879265  3.220
 23    18.607 53024.37632776 12.39 175.976601  64.882365  3.220
 24    39.498 53059.37631871  1.77 175.996863  64.851070  3.527
 24    37.252 53059.37631936  2.06 175.993913  64.854180  3.527
 24    35.238 53059.37632000  2.23 175.990963  64.857280  3.527
 24    34.046 53059.37632065  2.98 175.988023  64.860390  3.527
 24    28.004 53059.37632129  6.32 175.985073  64.863500  3.527
 24     0.609 53059.37632258 12.90 175.979163  64.869720  3.527
 25    42.430 53094.37635680  0.04 175.994691  64.852059  2.785
 25    38.126 53094.37635745  0.24 175.991741  64.855169  2.785
 25    35.817 53094.37635809  0.98 175.988801  64.858279  2.785
 25    34.174 53094.37635874  1.21 175.985851  64.861389  2.785
 25    27.596 53094.37635938  4.70 175.982901  64.864499  2.785
 25    26.023 53094.37636003  7.47 175.979951  64.867609  2.785
 25     1.008 53094.37636067  9.10 175.977001  64.870719  2.785
 26    47.811 53129.37632756  0.55 175.994417  64.845622  1.979
 26    45.405 53129.37632821  0.22 175.991467  64.848732  1.979
 26    43.146 53129.37632885  0.67 175.988517  64.851842  1.979
 26    39.553 53129.37632950  0.82 175.985577  64.854942  1.979
 26    38.766 53129.37633014  1.20 175.982627  64.858052  1.979
 26    35.442 53129.37633079  1.32 175.979677  64.861162  1.979
 26    33.777 53129.37633143  1.43 175.976727  64.864272  1.979
 26    31.172 53129.37633207  3.63 175.973777  64.867382  1.979
 26    28.506 53129.37633272  5.56 175.970817  64.870482  1.979
 28    34.386 53199.37639744  5.00 175.994019  64.847469 10.287
 28    40.235 53199.37639809  3.85 175.991069  64.850579 10.287
 28    32.090 53199.37639873  2.58 175.988119  64.853689 10.287
 28    32.155 53199.37639938  2.75 175.985169  64.856799 10.287
 28     0.807 53199.37640066 15.01 175.979279  64.863009 10.287
 28     1.411 53199.37640131 16.58 175.976329  64.866119 10.287
 28     1.744 53199.37640195 24.42 175.973379  64.869229 10.287
 29    35.008 53234.37636952  8.41 175.998075  64.859771 10.591
 29    34.603 53234.37637017 10.62 175.995125  64.862881 10.591
 29    28.298 53234.37637081 13.53 175.992175  64.865991 10.591
 29     1.656 53234.37637146 16.80 175.989225  64.869101 10.591
 29     1.553 53234.37637210 21.97 175.986285  64.872201 10.591
 29     1.664 53234.37637275 28.98 175.983335  64.875311 10.591
 29     1.662 53234.37637339 32.63 175.980375  64.878421 10.591
 29     1.632 53234.37637404 26.68 175.977425  64.881531 10.591
 31    46.086 53304.37639349  9.02 175.986034  64.840828  9.916
 31    44.146 53304.37639413  9.92 175.983094  64.843938  9.916
 31    41.584 53304.37639477 10.22 175.980144  64.847048  9.916
 31     1.457 53304.37639671 30.59 175.971304  64.856368  9.916
 31     1.368 53304.37639735 32.51 175.968354  64.859478  9.916
 31     1.749 53304.37639800 32.09 175.965397  64.862581  5.757
 31     1.882 53304.37639864 32.49 175.962447  64.865691  5.757
 31     2.091 53304.37639929 30.90 175.959497  64.868801  5.757
 32    31.311 53339.37636381 10.75 175.996644  64.850944  6.681
 32    30.591 53339.37636445 17.34 175.993694  64.854054  6.681
 32     0.290 53339.37636510 19.04 175.990744  64.857154  6.681
 32     1.038 53339.37636574 19.22 175.987804  64.860264  6.681
 32     1.085 53339.37636639 18.26 175.984854  64.863374  6.681
 32     1.328 53339.37636703 17.71 175.981898  64.866481  2.925
 32     1.343 53339.37636767 18.39 175.978948  64.869591  2.925
 33    32.537 53374.37629719  6.54 176.000349  64.860681  6.039
 33    30.651 53374.37629784  7.27 175.997399  64.863781  6.039
 33    29.222 53374.37629848 10.11 175.994449  64.866891  6.039
 33    28.420 53374.37629913 10.35 175.991504  64.870000  2.932
 33    26.661 53374.37629977 11.17 175.988554  64.873110  2.932
 33    22.688 53374.37630042 11.16 175.985604  64.876220  2.932
 33    23.324 53374.37630106 10.86 175.982654  64.879330  2.932
 33    19.294 53374.37630171 10.64 175.979704  64.882440  2.932
 33    16.945 53374.37630235 10.78 175.976754  64.885540  2.932
 34    38.204 53409.37633813  0.01 175.989616  64.852348  4.650
 34    35.470 53409.37633877  0.10 175.986676  64.855448  4.650
 34    33.073 53409.37633942  1.46 175.983726  64.858558  4.650
 34     1.055 53409.37634071 10.98 175.977821  64.864782  2.988
 34     0.693 53409.37634135 11.50 175.974871  64.867882  2.988
 34     1.560 53409.37634200 10.16 175.971921  64.870992  2.988
 35    37.901 53444.37632308  0.63 175.997990  64.861892  2.736
 35    33.320 53444.37632373  1.92 175.995040  64.864992  2.736
 35    27.415 53444.37632437  6.82 175.992087  64.868102  2.602
 35    26.793 53444.37632502  7.18 175.989147  64.871212  2.602
 35    26.086 53444.37632566  7.31 175.986197  64.874322  2.602
 35    20.545 53444.37632631  8.48 175.983247  64.877432  2.602
 35    18.897 53444.37632695  7.68 175.980297  64.880542  2.602
 35    25.225 53444.37632760  6.65 175.977347  64.883642  2.602
 36    35.382 53479.37640047  0.25 175.977590  64.852518  2.098
 36     1.098 53479.37640176  7.77 175.971692  64.858732  2.582
 36     1.196 53479.37640241  7.60 175.968742  64.861842  2.582
 36     1.461 53479.37640305  7.25 175.965792  64.864952  2.582
 36    18.654 53479.37640369  6.95 175.962832  64.868062  2.582
 37    47.491 53514.37640689  5.63 175.995256  64.847715  6.008
 37    46.027 53514.37640754  5.68 175.992306  64.850825  6.008
 37    43.510 53514.37640818  5.50 175.989356  64.853935  6.008
 37    41.177 53514.37640883  5.15 175.986416  64.857035  6.008
 37    37.411 53514.37640947  5.37 175.983466  64.860145  6.008
 37    34.762 53514.37641012  6.18 175.980518  64.863253  6.831
 37    32.436 53514.37641076  6.13 175.977568  64.866363  6.831
 37    31.199 53514.37641140  6.58 175.974618  64.869473  6.831
 38     1.809 53549.37642790 39.56 175.983838  64.858378 17.615
 38     1.666 53549.37642855 46.71 175.980888  64.861488 13.144
 38     1.743 53549.37642919 47.96 175.977938  64.864598 13.144
 38     2.182 53549.37642984 46.61 175.974988  64.867708 13.144
 38     2.111 53549.37643048 46.18 175.972038  64.870818 13.144
 39    35.331 53584.37638921 10.67 175.998278  64.851864  8.126
 39    35.031 53584.37638986  9.48 175.995328  64.854974  8.126
 39    34.331 53584.37639050  9.04 175.992378  64.858084  8.126
 39    -0.057 53584.37639244 29.19 175.983539  64.867401 10.471
 39     0.459 53584.37639308 30.88 175.980589  64.870511 10.471
 40    33.430 53619.37634733 10.29 175.998134  64.859455  9.282
 40     1.136 53619.37634797 13.15 175.995194  64.862565  9.282
 40     1.101 53619.37634862 15.93 175.992244  64.865665  9.282
 40     1.517 53619.37634926 20.02 175.989291  64.868777 12.036
 40     1.927 53619.37634991 24.04 175.986351  64.871887 12.036
 40     1.870 53619.37635055 27.37 175.983401  64.874997 12.036
 40     2.185 53619.37635120 31.40 175.980451  64.878107 12.036
 40     1.554 53619.37635184 32.51 175.977501  64.881207 12.036
 41    41.717 53654.37637063  4.94 175.989956  64.846091 10.413
 41    38.846 53654.37637127  3.99 175.987016  64.849191 10.413
 41    34.107 53654.37637192  3.79 175.984066  64.852301 10.413
 41    32.707 53654.37637256  4.14 175.981116  64.855411 10.413
 41    31.095 53654.37637321  5.75 175.978166  64.858521 10.413
 41     0.896 53654.37637450 18.28 175.972269  64.864734 11.537
 41     1.611 53654.37637514 20.40 175.969319  64.867844 11.537
 42    44.084 53689.37636643  4.65 175.994840  64.847829  5.871
 42    41.594 53689.37636707  4.51 175.991900  64.850939  5.871
 42    38.567 53689.37636772  5.36 175.988950  64.854049  5.871
 42    36.011 53689.37636836  5.37 175.986000  64.857149  5.871
 42    30.205 53689.37636901  8.02 175.983050  64.860259  5.871
 42    -0.100 53689.37637029 17.57 175.977157  64.866475  3.117
 42    -0.058 53689.37637094 17.34 175.974207  64.869585  3.117
 43    32.168 53724.37629352  4.99 175.999263  64.862673  3.626
 43    28.944 53724.37629417  8.21 175.996323  64.865773  3.626
 43     0.257 53724.37629546 12.11 175.990426  64.871993  2.734
 43     0.791 53724.37629610 12.05 175.987476  64.875103  2.734
 43    22.256 53724.37629675 11.25 175.984526  64.878213  2.734
 43    20.690 53724.37629739 10.96 175.981576  64.881323  2.734
 43    18.731 53724.37629804 10.29 175.978626  64.884423  2.734
 43    16.569 53724.37629868 10.13 175.975676  64.887533  2.734
 44    41.795 53759.37623273  0.11 175.992583  64.846922  2.685
 44    37.364 53759.37623402  0.10 175.986683  64.853132  2.685
 44    30.610 53759.37623467  2.47 175.983733  64.856242  2.685
 44     0.333 53759.37623596  9.58 175.977839  64.862463  2.704
 44     0.501 53759.37623660  9.52 175.974889  64.865563  2.704
 44     1.060 53759.37623724  9.02 175.971939  64.868673  2.704
 45    40.615 53794.37625377  0.05 175.996972  64.856903  2.150
 45    38.134 53794.37625442  0.77 175.994022  64.860003  2.150
 45    37.317 53794.37625506  1.04 175.991072  64.863113  2.150
 45    33.995 53794.37625571  1.52 175.988121  64.866221  2.048
 45    29.219 53794.37625635  3.61 175.985171  64.869331  2.048
 45    27.916 53794.37625700  4.95 175.982221  64.872441  2.048
 46    23.823 53829.37622994  3.78 175.974630  64.858641  2.205
 46    27.714 53829.37623058  3.11 175.971670  64.861741  2.205
 46    25.352 53829.37623122  3.17 175.968720  64.864851  2.205
 46    26.254 53829.37623187  2.76 175.965770  64.867961  2.205
 47    24.261 53864.37630845  2.86 175.981346  64.851942  2.323
 47    20.603 53864.37630909  3.61 175.978396  64.855042  2.323
 47    23.675 53864.37630974  3.72 175.975446  64.858152  2.323
 47    22.976 53864.37631038  3.58 175.972496  64.861262  2.323
 47    25.168 53864.37631103  2.92 175.969546  64.864372  2.323
 47    25.152 53864.37631167  2.78 175.966591  64.867484  1.917
 48    34.907 53899.37633268 10.01 175.992885  64.847433 12.034
 48    35.620 53899.37633332  9.66 175.989935  64.850533 12.034
 48    34.806 53899.37633397  8.68 175.986995  64.853643 12.034
 48    33.197 53899.37633461  8.36 175.984045  64.856753 12.034
 48    32.495 53899.37633526  8.15 175.981094  64.859859 12.338
 48    29.805 53899.37633590 10.92 175.978144  64.862969 12.338
 48     1.775 53899.37633719 27.31 175.972244  64.869189 12.338
 49    44.901 53934.37637624  2.29 175.988559  64.844870 11.595
 49    34.143 53934.37637689  3.01 175.985619  64.847980 11.595
 49    39.681 53934.37637753  2.38 175.982669  64.851090 11.595
 49    30.004 53934.37637818  7.97 175.979729  64.854200 11.595
 49     0.371 53934.37637947 18.93 175.973829  64.860410 11.595
 49     0.832 53934.37638011 20.67 175.970879  64.863520 11.595
 49     1.537 53934.37638076 20.47 175.967927  64.866627 11.709
 49     2.129 53934.37638140 29.25 175.964977  64.869737 11.709
 50    34.429 53969.37634740 12.60 175.993262  64.850435 12.129
 50    34.881 53969.37634804  7.92 175.990322  64.853545 12.129
 50    27.588 53969.37634869 18.39 175.987372  64.856655 12.129
 50    -0.132 53969.37634998 23.83 175.981472  64.862875 12.129
 50     0.630 53969.37635062 23.54 175.978532  64.865975 12.129
 50     1.864 53969.37635126 22.12 175.975582  64.869085 12.129
 51    33.880 54004.37631990  4.55 175.986270  64.843686 13.830
 51    35.074 54004.37632054  2.76 175.983320  64.846796 13.830
 51    33.583 54004.37632118  3.27 175.980370  64.849906 13.830
 51     0.149 54004.37632312 25.41 175.971520  64.859226 13.830
 51     0.513 54004.37632376 24.54 175.968570  64.862336 13.830
 51     1.349 54004.37632441 22.98 175.965620  64.865445 11.718
 51     1.752 54004.37632505 25.92 175.962670  64.868545 11.718
 53    37.907 54074.37634793  6.22 175.996390  64.851426  3.188
 53    38.062 54074.37634858  5.05 175.993440  64.854536  3.188
 53    36.711 54074.37634922  5.42 175.990500  64.857646  3.188
 53    33.953 54074.37634987  6.61 175.987550  64.860746  3.188
 53    32.866 54074.37635051  7.15 175.984600  64.863856  3.188
 53    32.517 54074.37635116  6.83 175.981650  64.866966  3.188
 53    26.098 54074.37635180 14.59 175.978700  64.870076  3.188
 54    36.334 54109.37629518  4.24 175.998081  64.861875  2.404
 54    35.948 54109.37629582  3.69 175.995131  64.864985  2.404
 54    34.148 54109.37629647  4.09 175.992191  64.868095  2.404
 54    29.648 54109.37629711  6.78 175.989241  64.871195  2.404
 54     1.792 54109.37629840 11.55 175.983336  64.877415  2.542
 54    26.232 54109.37629904 11.18 175.980386  64.880525  2.542
 54    25.601 54109.37629969 11.16 175.977436  64.883635  2.542
 55    49.478 54144.37628509  1.21 175.989610  64.846194  2.412
 55    47.340 54144.37628573  1.64 175.986660  64.849304  2.412
 55    41.421 54144.37628638  2.35 175.983710  64.852414  2.412
 55    38.032 54144.37628702  2.73 175.980770  64.855524  2.412
 55    37.800 54144.37628766  2.78 175.977820  64.858624  2.412
 55    34.850 54144.37628831  3.11 175.974870  64.861734  2.412
 55    31.622 54144.37628895  3.52 175.971920  64.864844  2.412
 55    30.462 54144.37628960  5.53 175.968963  64.867956  1.938
 57    47.147 54214.37629352  0.59 175.987106  64.849456  2.106
 57    44.262 54214.37629416  0.93 175.984156  64.852566  2.106
 57    41.153 54214.37629481  1.32 175.981206  64.855676  2.106
 57    34.906 54214.37629545  1.69 175.978266  64.858776  2.106
 57    34.905 54214.37629610  2.05 175.975316  64.861886  2.106
 57    31.970 54214.37629674  2.47 175.972366  64.864996  2.106
 57    26.158 54214.37629739  6.82 175.969416  64.868106  2.106
 58    47.411 54249.37632084  9.61 175.992341  64.847266 11.063
 58    45.942 54249.37632148 10.29 175.989391  64.850376 11.063
 58    46.075 54249.37632213  8.11 175.986441  64.853486 11.063
 58    30.677 54249.37632277 14.04 175.983491  64.856596 11.063
 58    32.479 54249.37632342 12.06 175.980551  64.859696 11.063
 58    22.864 54249.37632406 17.73 175.977601  64.862806 11.063
 58    22.152 54249.37632471 20.06 175.974651  64.865916 11.063
 59    34.872 54284.37632877  4.08 175.996434  64.849712 11.167
 59    34.414 54284.37632941  2.74 175.993494  64.852822 11.167
 59    32.951 54284.37633006  3.17 175.990544  64.855932 11.167
 59    31.156 54284.37633070  7.56 175.987594  64.859042 11.167
 59     1.294 54284.37633199 18.28 175.981704  64.865252 11.167
 59     1.765 54284.37633263 23.65 175.978754  64.868362 11.167
 59     2.025 54284.37633328 27.78 175.975804  64.871472 11.167
 60     2.414 54319.37632656 15.75 175.995335  64.851721 17.859
 60     3.114 54319.37632721 12.85 175.992385  64.854831 17.859
 60     2.829 54319.37632785 13.16 175.989435  64.857941 17.859
 60     2.544 54319.37632850 13.23 175.986485  64.861051 17.859
 60     2.393 54319.37632914 14.58 175.983535  64.864161 17.859
 60     3.325 54319.37632979 14.91 175.980585  64.867271 17.859
 60     3.275 54319.37633043 17.63 175.977635  64.870371 17.859
 61    35.297 54354.37629106 11.83 175.997437  64.858327 12.823
 61    34.392 54354.37629170 11.26 175.994487  64.861437 12.823
 61    33.273 54354.37629235 13.87 175.991537  64.864547 12.823
 61     1.224 54354.37629299 16.99 175.988587  64.867657 12.823
 61     1.734 54354.37629364 26.38 175.985647  64.870757 12.823
 61     1.880 54354.37629428 38.02 175.982697  64.873867 12.823
 62    31.755 54389.37626655 17.69 175.993092  64.850123  8.997
 62    -0.188 54389.37626784 25.25 175.987202  64.856343  8.997
 62    -0.034 54389.37626848 27.02 175.984252  64.859453  8.997
 62     0.199 54389.37626913 25.85 175.981302  64.862563  8.997
 62     0.465 54389.37626977 25.00 175.978352  64.865663  8.997
 62     1.973 54389.37627042 24.53 175.975402  64.868773  8.997
 63    31.598 54424.37624002 15.28 175.996126  64.853574  7.227
 63     0.179 54424.37624131 26.07 175.990232  64.859794  4.365
 63     0.026 54424.37624196 25.93 175.987282  64.862904  4.365
 63     0.429 54424.37624260 25.54 175.984332  64.866014  4.365
 63     0.370 54424.37624325 24.78 175.981382  64.869124  4.365
 63     0.829 54424.37624389 23.92 175.978432  64.872224  4.365
 64    46.287 54459.37624081  1.88 175.991822  64.843453  3.439
 64    43.448 54459.37624145  2.16 175.988867  64.846560  3.478
 64    40.469 54459.37624210  2.95 175.985927  64.849670  3.478
 64    37.912 54459.37624274  3.08 175.982977  64.852780  3.478
 64    35.581 54459.37624338  2.80 175.980027  64.855890  3.478
 64    32.008 54459.37624403  4.24 175.977077  64.859000  3.478
 64     0.921 54459.37624532 14.03 175.971177  64.865210  3.478
 64     0.519 54459.37624596 14.75 175.968227  64.868320  3.478
 65    40.706 54494.37624474  0.01 175.997403  64.853667  2.196
 65    38.222 54494.37624538  0.43 175.994453  64.856777  2.196
 65    35.327 54494.37624603  1.17 175.991508  64.859886  2.967
 65    33.450 54494.37624667  2.39 175.988558  64.862996  2.967
 65    25.668 54494.37624732  8.10 175.985608  64.866106  2.967
 65     0.570 54494.37624796  9.52 175.982668  64.869216  2.967
 65     0.441 54494.37624861 10.70 175.979718  64.872326  2.967
 66    40.316 54529.37625540  0.12 175.987659  64.852701  3.105
 66    40.206 54529.37625605  0.07 175.984719  64.855801  3.105
 66    36.782 54529.37625669  0.97 175.981769  64.858911  3.105
 66    33.188 54529.37625733  1.25 175.978819  64.862021  3.105
 66     1.001 54529.37625862 10.23 175.972919  64.868241  3.105
 67    37.880 54564.37625325  0.26 175.994217  64.861622  3.239
 67    35.737 54564.37625390  0.34 175.991277  64.864722  3.239
 67    25.598 54564.37625454  5.67 175.988327  64.867832  3.239
 67     1.428 54564.37625519  8.35 175.985377  64.870942  3.239
 67     1.279 54564.37625583  9.43 175.982427  64.874052  3.239
 68    25.889 54599.37625271  3.45 175.982052  64.860677  2.595
 68    22.910 54599.37625335  6.06 175.979102  64.863787  2.595
 68    23.419 54599.37625400  6.81 175.976152  64.866897  2.595
 68    23.628 54599.37625464  6.22 175.973202  64.870007  2.595
 69    42.313 54634.37626228  6.41 175.995244  64.846737  9.003
 69    40.075 54634.37626293  4.51 175.992304  64.849847  9.003
 69    35.149 54634.37626357  4.61 175.989354  64.852957  9.003
 69    33.502 54634.37626422  5.86 175.986404  64.856067  9.003
 69    33.173 54634.37626486  4.62 175.983464  64.859177  9.003
 69    26.151 54634.37626551 11.68 175.980514  64.862277  9.003
 69     1.705 54634.37626680 23.69 175.974614  64.868497  9.003
 70    34.732 54669.37626779  3.79 175.994351  64.850631 12.205
 70    34.195 54669.37626844  3.64 175.991401  64.853741 12.205
 70    31.525 54669.37626908  9.09 175.988451  64.856851 12.205
 70     0.636 54669.37627037 16.53 175.982561  64.863061 12.205
 70     1.177 54669.37627102 18.25 175.979611  64.866171 12.205
 70     1.527 54669.37627166 24.02 175.976661  64.869281 12.205
 71    33.160 54704.37623212  5.58 175.999048  64.855027 11.550
 71    32.393 54704.37623276  9.71 175.996098  64.858137 11.550
 71    31.105 54704.37623341 12.38 175.993148  64.861247 11.550
 71     0.708 54704.37623405 13.77 175.990198  64.864357 11.550
 71     0.995 54704.37623469 15.04 175.987258  64.867457 11.550
 71     1.716 54704.37623534 17.02 175.984308  64.870567 11.550
 71     1.911 54704.37623598 27.88 175.981358  64.873677 11.550
 72    30.870 54739.37622907 10.20 175.993053  64.843942 12.411
 72    31.005 54739.37622971  6.97 175.990103  64.847052 12.411
 72    30.911 54739.37623036  9.17 175.987153  64.850162 12.411
 72     0.188 54739.37623164 18.49 175.981263  64.856372 12.411
 72    -0.167 54739.37623229 20.16 175.978313  64.859482 12.411
 72    -0.203 54739.37623293 20.63 175.975363  64.862592 12.411
 72     1.722 54739.37623358 20.88 175.972413  64.865702 12.411
 72     2.526 54739.37623422 23.18 175.969463  64.868812 12.411
 73    31.877 54774.37621266 16.52 175.998303  64.852783  5.536
 73     0.614 54774.37621395 26.74 175.992413  64.859003  5.536
 73     0.554 54774.37621459 27.09 175.989463  64.862113  5.536
 73     0.886 54774.37621524 26.45 175.986523  64.865213  5.536
 73     1.008 54774.37621588 25.79 175.983573  64.868323  5.536
 73     1.190 54774.37621653 25.89 175.980623  64.871433  5.536
 74    45.650 54809.37622241  4.88 175.989783  64.842682  5.400
 74    43.458 54809.37622305  5.15 175.986833  64.845792  5.400
 74    40.901 54809.37622370  5.70 175.983883  64.848902  5.400
 74    30.151 54809.37622434  6.46 175.980933  64.852012  5.400
 74    29.637 54809.37622499  8.05 175.977993  64.855112  5.400
 74     0.451 54809.37622692 25.32 175.969143  64.864442  5.400
 74     0.161 54809.37622757 25.14 175.966193  64.867552  5.400
 75    43.753 54844.37621069  3.45 175.998663  64.850372  3.137
 75    42.082 54844.37621133  3.21 175.995713  64.853482  3.137
 75    39.323 54844.37621197  3.54 175.992763  64.856592  3.137
 75    34.985 54844.37621262  4.14 175.989813  64.859702  3.137
 75    32.609 54844.37621326  4.86 175.986873  64.862802  3.137
 75    30.368 54844.37621391  4.96 175.983923  64.865912  3.137
 75    25.771 54844.37621455 10.60 175.980973  64.869022  3.137
 75     1.376 54844.37621520 12.53 175.978023  64.872132  3.137
 76    52.265 54879.37622597  0.10 175.993083  64.845140  2.983
 76    49.905 54879.37622662  0.20 175.990133  64.848250  2.983
 76    46.294 54879.37622726  0.75 175.987183  64.851360  2.983
 76    42.637 54879.37622791  1.50 175.984243  64.854460  2.983
 76    40.263 54879.37622855  1.29 175.981293  64.857570  2.983
 76    34.247 54879.37622920  2.35 175.978343  64.860680  2.983
 76    30.909 54879.37622984  3.00 175.975393  64.863790  2.983
 76    26.982 54879.37623049  7.88 175.972443  64.866900  2.983
 76     1.187 54879.37623113  9.98 175.969493  64.870000  2.983
 77    36.737 54914.37621683  0.38 175.991207  64.861754  2.256
 77    35.240 54914.37621748  0.00 175.988267  64.864854  2.256
 77    32.336 54914.37621812  1.81 175.985317  64.867964  2.256
 77    27.890 54914.37621877  4.54 175.982367  64.871074  2.256
 78    34.809 54949.37622221  0.09 175.976780  64.862526  2.177
 78    22.002 54949.37622285  5.53 175.973830  64.865626  2.177
 78    23.630 54949.37622350  6.16 175.970880  64.868736  2.177
 79    34.763 54984.37624390 17.00 175.993374  64.846843 13.350
 79    35.810 54984.37624455 14.09 175.990424  64.849953 13.350
 79    35.287 54984.37624519 11.74 175.987474  64.853063 13.350
 79    33.840 54984.37624583 12.69 175.984534  64.856163 13.350
 79     2.388 54984.37624841 41.15 175.972734  64.868603 13.350
 80    34.625 55019.37624019 14.14 175.996031  64.849878 10.476
 80    32.916 55019.37624083 13.23 175.993081  64.852988 10.476
 80    34.312 55019.37624148  9.20 175.990131  64.856098 10.476
 80    33.185 55019.37624212 10.54 175.987181  64.859208 10.476
 80     0.597 55019.37624341 20.70 175.981291  64.865418 10.476
 80     1.554 55019.37624406 21.59 175.978341  64.868528 10.476
 80     1.855 55019.37624470 31.10 175.975391  64.871638 10.476
 82    34.458 55089.37619773  7.91 175.999112  64.854989 14.209
 82    -0.023 55089.37619966 22.06 175.990272  64.864309 14.209
 82     1.213 55089.37620031 18.64 175.987332  64.867419 14.209
 82     1.796 55089.37620095 19.98 175.984382  64.870529 14.209
 82     2.102 55089.37620160 30.41 175.981432  64.873639 14.209
 83    31.951 55124.37617308 18.06 175.993470  64.847055 11.977
 83    31.724 55124.37617372 16.17 175.990520  64.850165 11.977
 83     1.347 55124.37617501 34.94 175.984630  64.856385 11.977
 83     1.155 55124.37617566 44.25 175.981680  64.859485 11.977
 83     1.197 55124.37617630 46.40 175.978730  64.862595 11.977
 83     1.374 55124.37617695 46.31 175.975780  64.865705 11.977
 83     1.780 55124.37617759 46.54 175.972830  64.868815 11.977
 84    41.010 55159.37615792  7.34 175.998297  64.850995  5.626
 84    32.390 55159.37615856  7.89 175.995357  64.854105  5.626
 84    30.890 55159.37615921 12.05 175.992407  64.857215  5.626
 84     0.578 55159.37616050 28.38 175.986507  64.863435  5.626
 84     0.691 55159.37616114 28.48 175.983557  64.866545  5.626
 84     1.294 55159.37616179 26.32 175.980617  64.869645  5.626
 84     1.218 55159.37616243 25.82 175.977667  64.872755  5.626
 85    45.394 55194.37616272  4.62 175.990184  64.843231  2.798
 85    44.216 55194.37616336  4.67 175.987234  64.846341  2.798
 85    40.630 55194.37616401  4.88 175.984284  64.849451  2.798
 85    38.590 55194.37616465  5.71 175.981334  64.852551  2.798
 85    36.243 55194.37616530  5.59 175.978394  64.855661  2.798
 85    34.324 55194.37616594  6.20 175.975444  64.858771  2.798
 85    31.927 55194.37616659  6.53 175.972494  64.861881  2.798
 85    30.811 55194.37616723  6.57 175.969544  64.864991  2.798
 85    22.588 55194.37616788 12.71 175.966594  64.868101  2.798
 86    41.583 55229.37616075  3.52 175.997732  64.854375  2.389
 86    40.006 55229.37616139  3.63 175.994782  64.857485  2.389
 86    38.620 55229.37616204  3.64 175.991832  64.860595  2.389
 86    37.326 55229.37616268  3.90 175.988892  64.863695  2.389
 86    33.698 55229.37616332  4.67 175.985942  64.866805  2.389
 86    32.830 55229.37616397  4.87 175.982992  64.869915  2.389
 86    29.989 55229.37616461  6.43 175.980042  64.873025  2.389
 87    47.616 55264.37615899  1.84 175.992510  64.849849  2.223
 87    45.199 55264.37615963  2.33 175.989560  64.852959  2.223
 87    41.954 55264.37616028  2.82 175.986620  64.856059  2.223
 87    37.270 55264.37616092  3.42 175.983670  64.859169  2.223
 87    35.482 55264.37616157  3.64 175.980720  64.862279  2.223
 87    33.663 55264.37616221  3.94 175.977770  64.865389  2.223
 87    32.279 55264.37616285  4.32 175.974820  64.868499  2.223
 88    45.237 55299.37614376  0.36 176.000017  64.854457  1.954
 88    41.203 55299.37614441  0.91 175.997067  64.857567  1.954
 88    39.767 55299.37614505  1.13 175.994117  64.860677  1.954
 88    37.379 55299.37614570  1.50 175.991167  64.863787  1.954
 88    37.172 55299.37614634  1.45 175.988227  64.866887  1.954
 88    33.393 55299.37614699  2.24 175.985277  64.869997  1.954
 88    32.338 55299.37614763  3.88 175.982327  64.873107  1.954
 89    46.246 55334.37613692  1.58 175.993983  64.851556  7.516
 89    43.664 55334.37613756  1.51 175.991033  64.854666  7.516
 89    39.547 55334.37613821  1.92 175.988083  64.857776  7.516
 89    35.680 55334.37613885  2.01 175.985143  64.860876  7.516
 89    32.974 55334.37613950  2.83 175.982193  64.863986  7.516
 89    32.295 55334.37614014  3.46 175.979243  64.867096  7.516
 90    35.630 55369.37612745 11.01 175.997595  64.849708  9.835
 90    35.038 55369.37612810 10.37 175.994645  64.852818  9.835
 90    34.634 55369.37612874  8.76 175.991695  64.855928  9.835
 90    34.339 55369.37612939  7.98 175.988745  64.859038  9.835
 90    33.381 55369.37613003  7.70 175.985805  64.862138  9.835
 90     1.653 55369.37613132 23.24 175.979905  64.868358  9.835
 90     1.927 55369.37613197 29.07 175.976955  64.871468  9.835
 91    31.823 55404.37614387  2.40 175.992551  64.845481 12.510
 91    -0.227 55404.37614645 23.21 175.980761  64.857911 12.510
 91     0.035 55404.37614710 20.56 175.977811  64.861021 12.510
 91     0.939 55404.37614774 19.93 175.974861  64.864131 12.510
 91     1.870 55404.37614839 18.34 175.971911  64.867241 12.510
 91     2.393 55404.37614903 24.12 175.968961  64.870351 12.510
 92    32.652 55439.37614659  6.32 175.996678  64.853374 12.392
 92    32.216 55439.37614724  8.58 175.993728  64.856484 12.392
 92    31.326 55439.37614788 11.06 175.990778  64.859594 12.392
 92    29.947 55439.37614853 13.50 175.987838  64.862694 12.392
 92     0.851 55439.37614917 16.86 175.984888  64.865804 12.392
 92     1.110 55439.37614982 18.84 175.981938  64.868914 12.392
 92     1.683 55439.37615046 25.30 175.978988  64.872024 12.392
 93    32.778 55474.37609354 19.97 175.998601  64.858683 12.015
 93    31.646 55474.37609418 21.51 175.995651  64.861793 12.015
 93    28.657 55474.37609483 21.62 175.992701  64.864903 12.015
 93     0.809 55474.37609547 23.53 175.989751  64.868013 12.015
 93     1.373 55474.37609612 25.60 175.986811  64.871113 12.015
 93     1.202 55474.37609676 42.74 175.983861  64.874223 12.015
 93    -0.784 55474.37609805 43.42 175.977961  64.880443 12.015
