# NaN NaN NaN ;Mean Elev.(m), Avg Gradient(m/km), RMS Gradient(m/km) - SRTM1     
#  -10.761  -2.503   6.248 ;Mean Elev.(m), Avg Gradient(m/km), RMS Gradient(m/km) - ASTER GDEM
#    7.000  -3.111   5.274 ;Mean Elev.(m), Avg Gradient(m/km), RMS Gradient(m/km) - GMTED2010 
  7     0.442 52446.99027296 51.66 172.430246  65.226174 29.394
  7     0.482 52446.99027360 50.33 172.427217  65.223078 31.842
  8     9.578 52481.99026304 23.06 172.431088  65.226457 20.766
  8     9.705 52481.99026369 21.52 172.428068  65.223347 20.766
  8     9.741 52481.99026433 34.47 172.425038  65.220247 20.766
  9     8.510 52516.99021692 25.01 172.431765  65.228135 35.457
  9     7.514 52516.99021756 44.10 172.428735  65.225035 35.457
  9     7.365 52516.99021821 53.75 172.425715  65.221925 35.457
 10     7.106 52551.99026669 25.56 172.439374  65.220861 21.527
 10    14.935 52551.99026733 22.92 172.436352  65.217759 21.956
 11    11.085 52586.99024207 23.43 172.437710  65.223762  4.245
 11    10.959 52586.99024272 24.55 172.434690  65.220652  4.245
 12    11.253 52621.99021080 15.70 172.427292  65.227110  3.236
 12    10.742 52621.99021145 15.64 172.424272  65.224010  3.236
 12    10.874 52621.99021209 15.39 172.421252  65.220910  3.236
 15    11.901 52726.99024402  9.96 172.437788  65.222244  2.338
 15    11.858 52726.99024467 10.12 172.434758  65.219144  2.338
 16    12.163 52761.99025807 19.97 172.419199  65.229864  9.472
 16    11.315 52761.99025871 21.15 172.416169  65.226764  9.472
 16    10.882 52761.99025936 19.93 172.413149  65.223664  9.472
 19    14.906 52866.99033422 17.12 172.444709  65.220121 24.577
 19    15.374 52866.99033486 30.32 172.441689  65.217021 24.577
 20     8.150 52901.99035621 32.00 172.432756  65.226791 28.151
 20     7.251 52901.99035686 49.02 172.429736  65.223691 28.151
 20     7.157 52901.99035750 52.43 172.426706  65.220591 28.151
 21    11.798 52936.99029616 26.85 172.423067  65.227678 16.384
 21     7.220 52936.99029681 36.02 172.420047  65.224578 16.384
 21     6.943 52936.99029745 34.64 172.417027  65.221478 16.384
 22    11.205 52971.99032473 15.63 172.439571  65.222955  3.223
 22    11.072 52971.99032537 16.24 172.436551  65.219855  3.223
 23    11.393 53006.99033590 10.52 172.431777  65.227004  2.709
 23    10.679 53006.99033654 10.82 172.428757  65.223894  2.709
 23    10.702 53006.99033719 11.34 172.425737  65.220794  2.709
 25    12.973 53076.99032240  9.43 172.431848  65.228850  2.564
 25    11.516 53076.99032305  9.91 172.428828  65.225740  2.564
 25    11.877 53076.99032369 10.10 172.425808  65.222640  2.564
 26    12.687 53111.99029384 11.02 172.440233  65.220696  2.018
 26    11.919 53111.99029448 11.16 172.437213  65.217596  2.018
 27     9.039 53146.99033637 35.17 172.438037  65.226142 15.423
 27     8.674 53146.99033701 36.23 172.435007  65.223042 15.423
 27     8.436 53146.99033766 32.38 172.431987  65.219942 15.423
 28    14.504 53181.99034109 22.90 172.440447  65.222900 26.218
 28    15.161 53181.99034173 24.01 172.437427  65.219790 26.218
 29     8.783 53216.99036407 30.12 172.436208  65.226218 14.701
 29     8.398 53216.99036471 30.32 172.433188  65.223108 14.701
 29     8.060 53216.99036536 27.38 172.430168  65.220008 14.701
 30     9.047 53251.99034212 42.14 172.424418  65.229133 22.222
 30     9.115 53251.99034277 30.53 172.421388  65.226033 22.222
 30     8.965 53251.99034341 26.71 172.418368  65.222933 22.222
 31     8.715 53286.99033887 32.04 172.442191  65.223822 24.996
 31     8.552 53286.99033952 28.95 172.439161  65.220722 24.996
 33    11.845 53356.99028191 13.97 172.434889  65.227619  3.198
 33    11.477 53356.99028256 14.41 172.431859  65.224509  3.198
 33    10.929 53356.99028320 14.82 172.428839  65.221409  3.198
 35    11.859 53426.99029197  8.12 172.434886  65.225141  2.473
 35    12.205 53426.99029261  7.86 172.431866  65.222041  2.473
 36    12.327 53461.99030712  8.67 172.446759  65.219205  2.373
 36    12.816 53461.99030777  8.53 172.443729  65.216105  2.373
 37    11.630 53496.99038145 13.11 172.434433  65.227205  3.824
 37    10.801 53496.99038210 13.02 172.431403  65.224095  3.824
 37    12.373 53496.99038274  8.99 172.428383  65.220995  3.824
 38    13.742 53531.99036122 22.63 172.438193  65.225461 27.635
 38    12.884 53531.99036187 22.62 172.435173  65.222361 27.635
 38    15.409 53531.99036251 25.10 172.432143  65.219261 27.635
 39     9.324 53566.99038410 41.48 172.427734  65.226834 34.072
 39     9.283 53566.99038475 27.10 172.424714  65.223724 34.072
 40    13.843 53601.99032827 19.65 172.430847  65.227516 24.212
 40    13.499 53601.99032892 20.61 172.427817  65.224416 24.212
 40    14.170 53601.99032956 18.51 172.424797  65.221306 24.212
 41    13.617 53636.99032626 24.38 172.442458  65.223159 17.235
 41    15.211 53636.99032691 22.69 172.439428  65.220059 17.235
 42    11.469 53671.99034707 24.26 172.433988  65.225088  5.846
 42    11.362 53671.99034772 24.64 172.430968  65.221988  5.846
 43    12.888 53706.99027867 14.76 172.435744  65.226756  3.367
 43    11.262 53706.99027931 15.30 172.432714  65.223646  3.367
 43    11.733 53706.99027996 15.63 172.429694  65.220546  3.367
 44    11.740 53741.99019111 11.41 172.422480  65.227595  3.023
 44    11.752 53741.99019176 11.44 172.419460  65.224495  3.023
 44    11.190 53741.99019240 11.74 172.416440  65.221385  3.023
 45    12.025 53776.99021618 11.35 172.441894  65.221125  2.764
 45    11.893 53776.99021683 11.60 172.438874  65.218025  2.764
 46    14.633 53811.99019303  7.72 172.427135  65.229296  2.068
 46    13.746 53811.99019368  7.91 172.424107  65.226193  2.501
 46    13.350 53811.99019432  7.98 172.421087  65.223083  2.501
 47    12.825 53846.99024510  7.11 172.441159  65.222542  2.213
 47    12.881 53846.99024574  7.12 172.438129  65.219442  2.213
 49    13.996 53916.99032701 19.73 172.432035  65.227867 23.411
 49    13.953 53916.99032765 19.28 172.429005  65.224757 23.411
 49    13.324 53916.99032830 20.08 172.425985  65.221657 23.411
 50     8.232 53951.99033230 30.28 172.429236  65.229042 22.774
 50     7.994 53951.99033294 41.53 172.426210  65.225935 36.081
 50     7.791 53951.99033358 51.58 172.423180  65.222835 36.081
 53    11.859 54056.99030336 16.61 172.443316  65.220955  3.956
 53    12.107 54056.99030401 17.21 172.440286  65.217855  3.956
 54    11.927 54091.99028611 10.50 172.428928  65.227035  2.525
 54    11.576 54091.99028675 10.93 172.425908  65.223925  2.525
 54    11.529 54091.99028739 11.06 172.422878  65.220825  2.525
 56    12.219 54161.99025448  7.26 172.435148  65.226544  1.952
 56    12.523 54161.99025512  7.78 172.432123  65.223438  2.290
 56    11.791 54161.99025576  8.29 172.429103  65.220338  2.290
 57    12.697 54196.99022230  7.54 172.443420  65.220698  2.093
 57    13.346 54196.99022294  8.03 172.440390  65.217588  2.093
 58    12.932 54231.99026821  9.11 172.437973  65.221782  4.297
 58    15.210 54231.99026886  8.66 172.434943  65.218672  4.297
 59    13.787 54266.99028569 20.37 172.438315  65.224472 23.264
 59    15.177 54266.99028633 21.15 172.435289  65.221374 28.002
 60     7.942 54301.99029054 40.06 172.436244  65.223009 27.098
 60     7.825 54301.99029118 41.76 172.433224  65.219909 27.098
 61     8.756 54336.99027712 27.55 172.432743  65.225415 21.678
 61     8.638 54336.99027777 23.83 172.429721  65.222316 20.655
 63    10.781 54406.99022213 28.48 172.434375  65.225672  8.901
 63    11.228 54406.99022278 28.76 172.431355  65.222562  8.901
 63    11.509 54406.99022342 29.82 172.428335  65.219462  8.901
 65    11.024 54476.99021098 14.61 172.436916  65.222463  2.665
 65    11.326 54476.99021163 15.06 172.433896  65.219353  2.665
 67    13.253 54546.99022409  8.83 172.435907  65.227655  2.619
 67    12.537 54546.99022474  9.13 172.432887  65.224555  2.619
 67    12.020 54546.99022538  9.23 172.429857  65.221455  2.619
 68    12.369 54581.99019376  6.09 172.438182  65.221765  2.205
 68    12.188 54581.99019440  6.17 172.435162  65.218665  2.205
 69    12.503 54616.99021453 46.68 172.437964  65.223898 30.454
 69    12.211 54616.99021517 41.78 172.434934  65.220798 30.454
 70    10.094 54651.99022689 50.31 172.436978  65.225408 29.705
 70    10.114 54651.99022753 51.08 172.433958  65.222308 29.705
 70     9.896 54651.99022818 50.39 172.430938  65.219198 29.705
 71     8.788 54686.99021760 33.68 172.433981  65.228202 26.991
 71     8.679 54686.99021825 29.71 172.430951  65.225092 26.991
 71     8.315 54686.99021889 29.53 172.427931  65.221992 26.991
 72     7.763 54721.99017376 49.18 172.446642  65.219316 30.513
 72     7.664 54721.99017440 53.53 172.443612  65.216216 30.513
 73    10.783 54756.99019363 30.13 172.434575  65.224164 18.602
 73     7.163 54756.99019428 38.54 172.431545  65.221064 18.602
 74    11.512 54791.99016742 20.55 172.445016  65.219545  4.679
 74    11.606 54791.99016807 21.38 172.441986  65.216445  4.679
 75    11.058 54826.99019106 14.01 172.438598  65.222554  3.171
 75    10.812 54826.99019171 14.91 172.435578  65.219454  3.171
 76    11.720 54861.99016108 10.63 172.444293  65.219840  2.646
 76    11.558 54861.99016172 11.53 172.441273  65.216740  2.646
 77    12.529 54896.99019133  7.98 172.432459  65.225218  2.343
 77    12.183 54896.99019197  8.19 172.429429  65.222118  2.343
 78    12.350 54931.99015703  7.30 172.441890  65.221842  2.346
 78    11.868 54931.99015768  7.30 172.438860  65.218742  2.346
 79     9.009 54966.99019184 31.27 172.437048  65.224259 12.718
 79     8.319 54966.99019249 31.63 172.434028  65.221159 12.718
 80    11.688 55001.99021150 27.06 172.436916  65.226834 26.953
 80    11.610 55001.99021215 50.38 172.433896  65.223734 26.953
 80    11.634 55001.99021279 51.15 172.430876  65.220634 26.953
 81    10.299 55036.99019812 34.29 172.438401  65.224225 29.267
 81    10.330 55036.99019877 47.07 172.435381  65.221125 29.267
 82     8.935 55071.99018532 36.10 172.430301  65.225816 23.311
 82     8.712 55071.99018596 31.18 172.427281  65.222706 23.311
 84    10.985 55141.99013595 26.84 172.433598  65.225279  8.337
 84     9.940 55141.99013660 29.27 172.430578  65.222179  8.337
 86    11.216 55211.99013079 12.88 172.435619  65.223162  2.907
 86    11.156 55211.99013143 14.01 172.432599  65.220062  2.907
 87    12.245 55246.99010405 11.03 172.442345  65.221439  2.525
 87    11.747 55246.99010470 11.43 172.439325  65.218329  2.525
 88    13.414 55281.99012378  8.87 172.434179  65.227484  2.500
 88    12.700 55281.99012442  9.30 172.431159  65.224384  2.500
 88    12.508 55281.99012507  9.43 172.428129  65.221284  2.500
 89    13.063 55316.99009203  7.90 172.437181  65.225882  2.554
 89    12.687 55316.99009267  8.14 172.434161  65.222782  2.554
 89    12.161 55316.99009332  8.70 172.431141  65.219682  2.554
 90    13.782 55351.99009599 19.94 172.434983  65.226765 25.146
 90    13.712 55351.99009664 19.75 172.431963  65.223665 25.146
 90    14.890 55351.99009728 21.62 172.428933  65.220565 25.146
 91     9.044 55386.99009248 28.21 172.443159  65.221457 23.528
 91     8.518 55386.99009313 24.64 172.440129  65.218347 23.528
 92     8.729 55421.99011423 36.00 172.437713  65.224791 23.673
 92     8.435 55421.99011487 33.44 172.434693  65.221691 23.673
 93    10.687 55456.99008809 28.31 172.431443  65.227287 22.871
 93    10.586 55456.99008873 23.23 172.428423  65.224177 22.871
 93    14.689 55456.99008938 20.96 172.425403  65.221077 22.871
