# NaN NaN NaN ;Mean Elev.(m), Avg Gradient(m/km), RMS Gradient(m/km) - SRTM1     
#   -1.050  -6.142  56.610 ;Mean Elev.(m), Avg Gradient(m/km), RMS Gradient(m/km) - ASTER GDEM
#    9.357  -6.018  59.890 ;Mean Elev.(m), Avg Gradient(m/km), RMS Gradient(m/km) - GMTED2010 
  9 172.682218  65.291445    19.747    19.747  2 52540.38434020 15.562
 10 172.687693  65.291171     8.028     6.384  3 52575.38438592 35.245
 11 172.696924  65.292605    11.888    11.998  3 52610.38434688 22.408
 12 172.687312  65.291247    13.317    12.813  3 52645.38433630 14.305
 13 172.703311  65.294678    14.006    13.962  3 52680.38431179 11.031
 15 172.690982  65.292830    13.959    13.959  2 52750.38438736  8.230
 16 172.677155  65.288814    12.371    12.371  2 52785.38433000 30.154
 17 172.679670  65.290414    14.294    14.294  2 52820.38440507 44.507
 18 172.688779  65.291046    10.021    10.021  2 52855.38445301 43.956
 20 172.700857  65.295428     6.703     6.802  3 52925.38443952 45.548
 21 172.688565  65.291502    12.359    12.598  3 52960.38440655 25.302
 22 172.689331  65.291506    16.776    16.692  3 52995.38444202 13.482
 23 172.703881  65.293805    12.576    12.220  3 53030.38440531 11.781
 24 172.692987  65.292030    13.640    13.640  2 53065.38441244 10.321
 25 172.699230  65.293579    14.390    14.390  2 53100.38441739  9.341
 28 172.690655  65.292703    16.515    16.515  2 53205.38448125 17.927
 29 172.702743  65.294817    18.815    18.815  2 53240.38444922 38.903
 31 172.686417  65.291123     7.509     7.482  3 53310.38446264 29.121
 32 172.697201  65.293046    11.349    11.402  3 53345.38442873 16.559
 33 172.680945  65.289466    13.944    13.944  2 53380.38438125 10.393
 34 172.698385  65.293146    13.154    12.733  3 53415.38440610  9.900
 35 172.677470  65.289116    14.103    13.990  3 53450.38440048  9.427
 36 172.682513  65.289508    14.477    14.477  2 53485.38448579  7.581
 39 172.704318  65.296294    21.235    21.994  3 53590.38444726 15.022
 40 172.673824  65.287332     8.820     8.820  2 53625.38442866 24.597
 41 172.684938  65.291103     7.619     7.692  3 53660.38445523 47.372
 42 172.697326  65.294128    15.545    16.196  3 53695.38442832 14.940
 45 172.703494  65.296247    15.112    14.156  3 53800.38432333  7.879
 46 172.680209  65.290180    17.418    17.169  3 53835.38432580  6.327
 47 172.689441  65.289522    17.250    17.250  2 53870.38438472 11.461
 48 172.689290  65.290375    23.316    23.316  2 53905.38442059 31.034
 49 172.683508  65.290201    10.254    10.517  3 53940.38445266 23.196
 50 172.698849  65.293876    17.579    17.303  3 53975.38441045 39.712
 51 172.680579  65.289590    12.119    12.721  3 54010.38440819 40.109
 52 172.693134  65.293094    14.355    13.044  3 54045.38442513 21.958
 53 172.697915  65.293890    13.499    13.144  3 54080.38441832 13.707
 54 172.706918  65.294648    14.237    13.061  3 54115.38435284 11.858
 56 172.704685  65.295148    15.693    16.160  3 54185.38434419  8.948
 57 172.685469  65.291417    17.388    17.388  2 54220.38437621  8.233
 58 172.691349  65.293136    18.436    18.436  2 54255.38440011 20.811
 59 172.696837  65.290952    11.296    11.296  2 54290.38440169 28.935
 60 172.696645  65.292620    15.560    16.224  3 54325.38439958 16.255
 61 172.705503  65.296595    20.473    20.764  3 54360.38435320 19.644
 62 172.692262  65.291101     7.193     7.193  2 54395.38433939 41.842
 63 172.701460  65.294709    12.443    12.443  2 54430.38430298 20.345
 64 172.688288  65.291666    13.214    13.064  3 54465.38431967 16.328
 65 172.698890  65.293997    14.291    13.608  3 54500.38431501 13.599
 66 172.694424  65.292367    13.124    13.124  2 54535.38433434 15.591
 67 172.704183  65.294613    13.497    12.807  3 54570.38431794 12.307
 68 172.691708  65.291129     7.480     7.480  2 54605.38432848 30.866
 69 172.695629  65.292166    18.384    19.024  3 54640.38433823 28.714
 70 172.692202  65.292730    16.761    18.011  3 54675.38434079 19.927
 71 172.703494  65.295475     9.245     9.616  3 54710.38429736 33.000
 72 172.690262  65.291496     7.148     7.148  2 54745.38430786 50.979
 73 172.696790  65.293970     6.530     6.550  3 54780.38428139 27.661
 74 172.689136  65.290541    12.805    12.805  2 54815.38430095 13.981
 75 172.699808  65.292859    14.524    13.259  3 54850.38427976 10.447
 76 172.689856  65.291363    14.171    13.873  3 54885.38430481  9.841
 77 172.703984  65.295422    15.399    15.399  2 54920.38428161  8.016
 78 172.687466  65.291797    13.806    13.806  2 54955.38430057  8.764
 79 172.689725  65.291698    17.194    16.813  3 54990.38432394 22.266
 80 172.698195  65.293000    12.204    12.204  2 55025.38431511 22.108
 81 172.694382  65.292944    14.404    13.307  3 55060.38430924 23.980
 82 172.705904  65.294618    18.225    18.512  3 55095.38426051 14.385
 83 172.690763  65.291922     6.381     6.381  2 55130.38425106 41.181
 84 172.698647  65.293002    12.466    12.466  2 55165.38422227 17.730
 85 172.688994  65.291645    15.638    14.937  3 55200.38424302 13.488
 86 172.701513  65.293242    14.072    13.355  3 55235.38422798 11.338
 87 172.693064  65.292072    16.348    16.535  3 55270.38423741  8.379
 88 172.705399  65.295814    14.198    13.841  3 55305.38420963  8.192
 90 172.696854  65.294141    20.986    21.082  3 55375.38420142 18.039
 91 172.690586  65.292451    15.539    15.539  2 55410.38422358 16.207
 92 172.696313  65.292630    18.316    18.316  2 55445.38421746 13.489
 93 172.707770  65.297173     8.294     8.368  3 55480.38415230 46.882
