# NaN NaN NaN ;Mean Elev.(m), Avg Gradient(m/km), RMS Gradient(m/km) - SRTM1     
#  -19.936   0.352   4.489 ;Mean Elev.(m), Avg Gradient(m/km), RMS Gradient(m/km) - ASTER GDEM
#    1.362  -0.379   3.106 ;Mean Elev.(m), Avg Gradient(m/km), RMS Gradient(m/km) - GMTED2010 
  8     5.132 52486.38230457 19.22 173.713006  64.985214 20.662
  8     4.671 52486.38230521 15.11 173.710036  64.988314 20.662
  8     3.077 52486.38230585 19.97 173.707056  64.991424 20.662
  9     2.410 52521.38227221 31.59 173.718564  64.983762 32.715
  9     4.845 52521.38227286 14.45 173.715594  64.986862 32.715
  9     2.887 52521.38227350 15.91 173.712624  64.989972 32.715
  9     3.125 52521.38227415 25.94 173.709644  64.993082 32.715
 10     0.479 52556.38232433 48.08 173.694461  64.986397 25.343
 10     0.495 52556.38232497 46.68 173.691481  64.989497 25.343
 10     0.550 52556.38232562 44.66 173.688511  64.992607 25.343
 10     0.550 52556.38232626 43.64 173.685531  64.995717 25.343
 11     0.864 52591.38231590 23.98 173.707031  64.984827  3.438
 11     0.493 52591.38231655 25.21 173.704061  64.987937  3.438
 11     0.383 52591.38231719 24.41 173.701091  64.991037  3.438
 11     0.167 52591.38231784 24.65 173.698111  64.994147  3.438
 13     1.531 52661.38228034 14.30 173.707778  64.986133  2.249
 13     1.782 52661.38228098 13.50 173.704798  64.989243  2.249
 13     1.895 52661.38228163 13.97 173.701828  64.992343  2.249
 14     2.280 52696.38225943 12.92 173.692426  64.988197  2.496
 14     2.017 52696.38226007 13.47 173.689446  64.991307  2.496
 14     2.081 52696.38226072 13.99 173.686476  64.994417  2.496
 14     2.369 52696.38226136 13.73 173.683496  64.997517  2.496
 15     1.264 52731.38228455 10.74 173.717119  64.984353  1.636
 15     1.134 52731.38228519 11.51 173.714140  64.987457  1.945
 15     0.863 52731.38228583 11.28 173.711170  64.990567  1.945
 16     0.324 52766.38229408 35.56 173.718100  64.984264 20.552
 16     0.315 52766.38229473 28.75 173.715120  64.987364 20.552
 16     0.354 52766.38229537 23.69 173.712150  64.990474 20.552
 17     4.223 52801.38229639 24.05 173.693868  64.986735 26.120
 17     2.951 52801.38229704 21.67 173.690898  64.989835 26.120
 17     4.037 52801.38229768 21.43 173.687918  64.992945 26.120
 17     4.532 52801.38229833 21.43 173.684938  64.996045 26.120
 18     5.389 52836.38236249 20.18 173.700769  64.985996 36.615
 18     1.403 52836.38236313 24.72 173.697799  64.989106 36.615
 18     2.655 52836.38236378 17.86 173.694819  64.992215 29.313
 18     4.016 52836.38236442 18.98 173.691839  64.995315 29.313
 19     5.485 52871.38240267 27.27 173.708641  64.984365 39.002
 19     0.486 52871.38240331 22.15 173.705671  64.987475 39.002
 19     0.557 52871.38240396 25.72 173.702691  64.990575 39.002
 19     0.512 52871.38240460 38.76 173.699711  64.993685 39.002
 20     5.112 52906.38239741 26.89 173.716521  64.982932 31.554
 20     4.759 52906.38239805 23.47 173.713541  64.986032 31.554
 20     0.838 52906.38239870 25.06 173.710571  64.989142 31.554
 20     2.731 52906.38239934 27.35 173.707601  64.992242 31.554
 23     1.537 53011.38238148 14.10 173.707092  64.985947  2.423
 23     0.980 53011.38238213 14.65 173.704122  64.989057  2.423
 23     1.007 53011.38238277 14.62 173.701142  64.992157  2.423
 24     1.560 53046.38234710 14.29 173.694208  64.987682  2.310
 24     1.935 53046.38234775 13.83 173.691228  64.990792  2.310
 24     2.114 53046.38234839 13.23 173.688258  64.993902  2.310
 24     0.861 53046.38234904 13.69 173.685278  64.997002  2.310
 25     1.670 53081.38238089 12.30 173.705186  64.986149  2.300
 25     1.564 53081.38238153 12.25 173.702216  64.989249  2.300
 25     1.526 53081.38238218 12.04 173.699246  64.992359  2.300
 26     0.684 53116.38235167 18.10 173.692971  64.985582  5.311
 26     0.463 53116.38235232 18.03 173.690001  64.988692  5.311
 26     0.408 53116.38235296 17.24 173.687021  64.991802  5.311
 26     0.370 53116.38235360 14.66 173.684051  64.994902  5.311
 27     1.784 53151.38239975 40.30 173.699821  64.986200 36.859
 27     1.895 53151.38240039 51.17 173.696841  64.989310 36.859
 27     1.861 53151.38240104 33.48 173.693871  64.992410 36.859
 27     1.851 53151.38240168 42.17 173.690891  64.995520 36.859
 28     2.119 53186.38238488 49.29 173.715363  64.983682 41.363
 28     2.087 53186.38238553 56.11 173.712393  64.986792 41.363
 28     2.115 53186.38238617 51.77 173.709413  64.989902 41.363
 28     2.182 53186.38238682 51.33 173.706443  64.993002 41.363
 29     5.393 53221.38241130 27.17 173.715313  64.983893 30.136
 29     5.029 53221.38241195 18.44 173.712343  64.987003 30.136
 29     2.988 53221.38241259 18.11 173.709363  64.990103 30.136
 29     3.136 53221.38241324 23.44 173.706393  64.993213 30.136
 30     2.240 53256.38238747 38.28 173.718186  64.983094 29.709
 30     5.134 53256.38238811 20.36 173.715216  64.986204 29.709
 30     4.745 53256.38238876 17.31 173.712246  64.989314 29.709
 30     3.140 53256.38238940 23.43 173.709276  64.992414 29.709
 32    -0.227 53326.38237593 26.40 173.716668  64.982633  4.371
 32    -0.086 53326.38237658 26.70 173.713698  64.985743  4.371
 32    -0.144 53326.38237722 26.04 173.710726  64.988847  5.195
 32    -0.409 53326.38237787 25.63 173.707746  64.991957  5.195
 33     0.308 53361.38233311 20.62 173.723886  64.982827  3.613
 33     0.351 53361.38233376 20.28 173.720916  64.985937  3.613
 33     0.202 53361.38233440 21.67 173.717946  64.989037  3.613
 33     0.102 53361.38233505 20.18 173.714968  64.992143  3.418
 34     1.087 53396.38235463 15.07 173.696672  64.986851  3.173
 34     0.873 53396.38235528 14.65 173.693692  64.989961  3.173
 34     0.636 53396.38235592 14.42 173.690712  64.993071  3.173
 34     0.657 53396.38235657 14.71 173.687742  64.996171  3.173
 35     0.703 53431.38234553 14.17 173.721320  64.984396  2.890
 35     0.529 53431.38234617 14.31 173.718340  64.987496  2.890
 35     0.512 53431.38234682 13.99 173.715370  64.990603  3.022
 36     2.442 53466.38237851 11.21 173.695029  64.986907  2.488
 36     1.719 53466.38237915 11.40 173.692049  64.990017  2.488
 36     1.687 53466.38237980 11.66 173.689079  64.993117  2.488
 36     1.288 53466.38238044 11.31 173.686099  64.996227  2.488
 37     5.584 53501.38243478 21.81 173.701612  64.985678 21.995
 37     4.573 53501.38243543 16.51 173.698642  64.988788 21.995
 37     4.118 53501.38243607 17.80 173.695662  64.991888 21.995
 37     4.082 53501.38243672 18.01 173.692692  64.994998 21.995
 38     6.483 53536.38242480 24.22 173.712190  64.985234 31.388
 38     4.059 53536.38242545 24.38 173.709210  64.988344 31.388
 38     3.923 53536.38242609 25.49 173.706240  64.991454 31.388
 39     5.442 53571.38243233 21.56 173.705539  64.986445 44.691
 39     1.412 53571.38243297 24.88 173.702567  64.989550 31.540
 39     3.835 53571.38243362 20.31 173.699587  64.992660 31.540
 40     4.823 53606.38237965 23.46 173.723806  64.984299 38.995
 40     4.891 53606.38238029 18.24 173.720836  64.987399 38.995
 40     4.372 53606.38238094 19.93 173.717859  64.990509 27.810
 41     4.856 53641.38238095 21.92 173.693178  64.986312 21.377
 41     3.541 53641.38238159 19.73 173.690198  64.989412 21.377
 41     3.958 53641.38238223 19.84 173.687228  64.992522 21.377
 41     4.283 53641.38238288 21.57 173.684248  64.995622 21.377
 42     0.735 53676.38239989 25.68 173.702308  64.985823 10.852
 42     0.764 53676.38240053 26.99 173.699339  64.988927  6.669
 42     0.674 53676.38240118 27.97 173.696359  64.992037  6.669
 42     0.713 53676.38240182 27.98 173.693389  64.995147  6.669
 43     1.022 53711.38232817 13.63 173.726515  64.982895  2.250
 43     0.534 53711.38232881 14.24 173.723545  64.986005  2.250
 43     0.491 53711.38232946 13.79 173.720565  64.989105  2.250
 43     0.333 53711.38233010 14.41 173.717595  64.992212  2.200
 44     1.456 53746.38224041 12.36 173.694128  64.985750  2.690
 44     1.635 53746.38224106 12.61 173.691148  64.988860  2.690
 44     0.899 53746.38224170 12.82 173.688178  64.991960  2.690
 44     0.858 53746.38224235 13.11 173.685198  64.995070  2.690
 44     0.795 53746.38224299 12.63 173.682218  64.998180  2.690
 45     0.883 53781.38227061 21.98 173.715417  64.983472  4.730
 45     1.096 53781.38227125 25.73 173.712437  64.986582  4.730
 45     1.287 53781.38227190 27.23 173.709468  64.989686  9.088
 45     1.302 53781.38227254 26.26 173.706488  64.992796  9.088
 46     1.798 53816.38223788  8.51 173.731042  64.984082  2.007
 46     1.397 53816.38223853  8.49 173.728072  64.987182  2.007
 46     0.894 53816.38223917  8.59 173.725092  64.990292  2.007
 47     2.485 53851.38230885  6.14 173.691832  64.988103  1.808
 47     2.078 53851.38230949  6.71 173.688856  64.991213  2.349
 47     1.907 53851.38231014  6.85 173.685876  64.994313  2.349
 47     1.116 53851.38231078  6.73 173.682896  64.997423  2.349
 48     4.714 53886.38231507 48.72 173.716158  64.983813 43.968
 48     4.724 53886.38231572 49.62 173.713188  64.986923 43.968
 48     4.702 53886.38231636 37.36 173.710208  64.990026 38.726
 48     4.544 53886.38231701 40.22 173.707238  64.993136 38.726
 49     4.657 53921.38238692 18.69 173.695591  64.987585 32.634
 49     3.470 53921.38238756 17.43 173.692609  64.990690 22.857
 49     4.291 53921.38238821 18.28 173.689639  64.993800 22.857
 50     4.877 53956.38238278 29.35 173.703138  64.985180 30.756
 50     2.164 53956.38238342 20.30 173.700168  64.988280 30.756
 50     2.777 53956.38238407 16.80 173.697198  64.991390 30.756
 50     2.989 53956.38238471 18.00 173.694222  64.994495 23.600
 51     1.474 53991.38230326 49.18 173.691427  64.986595 45.744
 51     1.382 53991.38230391 36.28 173.688451  64.989701 40.161
 51     1.439 53991.38230455 29.85 173.685471  64.992801 40.161
 52     1.059 54026.38236838 24.68 173.697896  64.985891  7.593
 52     0.914 54026.38236902 24.71 173.694916  64.988991  7.593
 52     0.966 54026.38236967 24.03 173.691946  64.992101  7.593
 52     0.943 54026.38237031 26.71 173.688969  64.995210  8.793
 53     0.997 54061.38236092 19.72 173.715518  64.984622  3.328
 53     1.106 54061.38236157 18.39 173.712548  64.987722  3.328
 53     0.819 54061.38236221 19.46 173.709578  64.990832  3.328
 54     1.325 54096.38233323 14.92 173.722101  64.983200  2.557
 54     1.066 54096.38233387 15.24 173.719131  64.986300  2.557
 54     0.953 54096.38233452 15.16 173.716161  64.989410  2.557
 54     0.829 54096.38233516 15.90 173.713181  64.992520  2.557
 55     2.422 54131.38228345 14.23 173.693433  64.987846  2.336
 55     2.187 54131.38228409 14.57 173.690458  64.990955  2.851
 55     1.972 54131.38228474 14.47 173.687478  64.994055  2.851
 55     1.995 54131.38228538 13.83 173.684498  64.997165  2.851
 56     1.462 54166.38230630 10.44 173.713637  64.985550  2.306
 56     1.248 54166.38230695 10.76 173.710657  64.988660  2.306
 56     1.097 54166.38230759 11.15 173.707687  64.991770  2.306
 57     2.025 54201.38228615  8.98 173.697802  64.986260  2.372
 57     1.986 54201.38228679  9.00 173.694832  64.989360  2.372
 57     1.470 54201.38228744  9.37 173.691852  64.992470  2.372
 57     1.147 54201.38228808  9.12 173.688882  64.995580  2.372
 58     5.446 54236.38232201 26.03 173.706291  64.985454 25.629
 58     5.069 54236.38232265 19.24 173.703311  64.988564 25.629
 58     4.408 54236.38232329 18.22 173.700341  64.991664 25.629
 58     4.197 54236.38232394 29.74 173.697361  64.994774 25.629
 59     5.473 54271.38234216 29.55 173.712049  64.984300 29.465
 59     2.635 54271.38234280 25.42 173.709079  64.987410 29.465
 59     2.486 54271.38234345 26.73 173.706099  64.990520 29.465
 59     3.630 54271.38234409 23.38 173.703129  64.993620 29.465
 60     5.401 54306.38234460 27.83 173.709308  64.983940 31.033
 60     0.656 54306.38234525 28.88 173.706338  64.987050 31.033
 60     0.762 54306.38234589 24.87 173.703358  64.990160 31.033
 60     2.806 54306.38234654 22.06 173.700388  64.993260 31.033
 61     2.184 54341.38232557 32.92 173.719229  64.983676 31.096
 61     4.465 54341.38232622 20.61 173.716259  64.986776 31.096
 61     2.682 54341.38232686 20.32 173.713279  64.989886 31.096
 61     3.161 54341.38232751 27.68 173.710309  64.992996 31.096
 62     0.870 54376.38227947 47.74 173.704286  64.984126 26.961
 62     0.957 54376.38228012 49.72 173.701306  64.987236 26.961
 62     0.926 54376.38228076 50.91 173.698336  64.990346 26.961
 62     0.824 54376.38228141 51.89 173.695356  64.993446 26.961
 63     0.892 54411.38227246 38.15 173.711891  64.983530 10.538
 63     0.933 54411.38227311 38.37 173.708911  64.986630 10.538
 63     0.988 54411.38227375 36.86 173.705941  64.989740 10.538
 63     0.913 54411.38227440 37.00 173.702961  64.992850 10.538
 64     1.318 54446.38224425 20.24 173.696699  64.985318  3.493
 64     1.063 54446.38224489 20.83 173.693719  64.988428  3.493
 64     1.135 54446.38224554 20.06 173.690739  64.991538  3.493
 64     0.852 54446.38224618 20.43 173.687769  64.994638  3.493
 65     0.675 54481.38226441 14.83 173.710855  64.984227  2.142
 65     0.707 54481.38226506 15.12 173.707875  64.987337  2.142
 65     0.959 54481.38226570 14.69 173.704899  64.990441  2.667
 65     0.784 54481.38226635 15.71 173.701929  64.993551  2.667
 66     1.554 54516.38225862 11.41 173.697247  64.986842  1.995
 66     1.672 54516.38225926 11.51 173.694267  64.989952  1.995
 66     1.507 54516.38225991 11.66 173.691291  64.993058  2.603
 66     1.158 54516.38226055 11.86 173.688311  64.996158  2.603
 67     0.563 54551.38227677  8.48 173.719062  64.982432  2.057
 67     0.740 54551.38227742  8.67 173.716092  64.985542  2.057
 67     0.607 54551.38227806  9.86 173.713112  64.988642  2.057
 67     0.652 54551.38227871  9.55 173.710142  64.991752  2.057
 68     1.761 54586.38225423  7.04 173.704707  64.986626  2.060
 68     1.705 54586.38225487  7.03 173.701727  64.989726  2.060
 68     1.231 54586.38225552  7.29 173.698757  64.992836  2.060
 69     5.511 54621.38227236 31.01 173.710117  64.983941 31.958
 69     4.947 54621.38227300 23.45 173.707147  64.987041 31.958
 69     3.902 54621.38227365 23.29 173.704177  64.990151 31.958
 69     3.951 54621.38227429 27.64 173.701197  64.993251 31.958
 70     5.542 54656.38228269 23.56 173.707598  64.985637 25.491
 70     5.018 54656.38228334 16.29 173.704628  64.988747 25.491
 70     4.028 54656.38228398 17.38 173.701648  64.991847 25.491
 71     5.131 54691.38226709 20.66 173.712929  64.985625 29.028
 71     2.866 54691.38226773 19.75 173.709949  64.988735 29.028
 71     3.059 54691.38226838 20.57 173.706979  64.991835 29.028
 72     5.180 54726.38223433 23.72 173.700628  64.984732 33.330
 72     0.623 54726.38223497 30.64 173.697658  64.987832 33.330
 72     0.692 54726.38223562 28.68 173.694678  64.990942 33.330
 72     0.614 54726.38223626 22.02 173.691699  64.994052 20.930
 73     0.191 54761.38224405 39.23 173.708309  64.986127 14.681
 73     0.111 54761.38224469 38.98 173.705339  64.989237 14.681
 73     0.044 54761.38224534 38.99 173.702359  64.992347 14.681
 74     1.408 54796.38222841 18.63 173.691147  64.988436  2.732
 74     1.043 54796.38222906 18.04 173.688171  64.991541  2.667
 74     0.844 54796.38222970 18.16 173.685191  64.994641  2.667
 74     0.761 54796.38223035 18.58 173.682221  64.997751  2.667
 75     0.695 54831.38224443 14.06 173.709781  64.984433  2.085
 75     0.751 54831.38224507 13.69 173.706811  64.987533  2.085
 75     0.597 54831.38224572 13.91 173.703841  64.990643  2.085
 75     0.470 54831.38224636 14.46 173.700861  64.993743  2.085
 76     2.051 54866.38222299 11.27 173.698420  64.985420  2.023
 76     1.727 54866.38222364 11.33 173.695440  64.988530  2.023
 76     1.717 54866.38222428 11.36 173.692470  64.991638  2.537
 76     0.817 54866.38222493 11.51 173.689490  64.994738  2.537
 77     1.420 54901.38224309  9.37 173.713642  64.984795  2.054
 77     1.117 54901.38224374  9.62 173.710672  64.987905  2.054
 77     0.923 54901.38224438  9.43 173.707692  64.991015  2.054
 78     2.165 54936.38221309  8.52 173.704430  64.984230  1.929
 78     1.698 54936.38221374  8.68 173.701450  64.987340  1.929
 78     1.424 54936.38221438  8.79 173.698480  64.990440  1.929
 78     0.927 54936.38221503  9.05 173.695500  64.993550  1.929
 79     0.590 54971.38224609 38.71 173.706476  64.985755 38.240
 79     0.680 54971.38224674 41.52 173.703496  64.988865 38.240
 79     0.711 54971.38224738 34.44 173.700526  64.991965 38.240
 80     5.459 55006.38226457 29.36 173.709330  64.984088 36.523
 80     1.825 55006.38226521 22.14 173.706350  64.987188 36.523
 80     3.025 55006.38226586 19.63 173.703380  64.990298 36.523
 80     3.182 55006.38226650 21.21 173.700400  64.993408 36.523
 81     1.625 55041.38225325 51.61 173.708740  64.986174 43.872
 81     1.609 55041.38225390 50.76 173.705770  64.989284 43.872
 81     1.629 55041.38225454 52.23 173.702790  64.992384 43.872
 82     1.378 55076.38223353 49.86 173.716866  64.983824 39.893
 82     1.364 55076.38223418 51.07 173.713896  64.986934 39.893
 82     1.368 55076.38223482 50.60 173.710916  64.990044 39.893
 82     1.355 55076.38223547 48.90 173.707946  64.993144 39.893
 83     0.502 55111.38218583 47.45 173.701658  64.985805 29.409
 83     0.512 55111.38218647 44.33 173.698688  64.988915 29.409
 83     0.572 55111.38218712 44.28 173.695708  64.992015 29.409
 83     0.526 55111.38218776 41.84 173.692738  64.995125 29.409
 84     0.462 55146.38218747 26.63 173.709202  64.984748  4.606
 84     0.139 55146.38218811 27.54 173.706232  64.987858  4.606
 84     0.183 55146.38218876 28.34 173.703262  64.990968  4.606
 84     0.161 55146.38218940 27.78 173.700282  64.994068  4.606
 85     1.539 55181.38216466 18.17 173.693885  64.987506  2.517
 85     1.411 55181.38216531 18.16 173.690913  64.990614  3.079
 85     1.209 55181.38216595 18.48 173.687933  64.993714  3.079
 85     1.385 55181.38216660 18.31 173.684963  64.996824  3.079
 86     1.257 55216.38218159 14.72 173.713944  64.983057  2.213
 86     1.144 55216.38218224 14.44 173.710964  64.986157  2.213
 86     1.033 55216.38218288 14.45 173.707994  64.989267  2.213
 86     0.793 55216.38218353 14.66 173.705024  64.992377  2.213
 87     1.932 55251.38216077 12.14 173.700934  64.986194  1.987
 87     0.626 55251.38216141 12.59 173.697964  64.989304  1.987
 87     0.869 55251.38216206 12.15 173.694988  64.992411  2.436
 87     0.631 55251.38216270 12.92 173.692008  64.995511  2.436
 88     0.994 55286.38217550 10.99 173.716250  64.984164  2.182
 88     1.086 55286.38217614 10.93 173.713280  64.987274  2.182
 88     0.730 55286.38217679 11.17 173.710300  64.990374  2.182
 88     0.670 55286.38217743 11.32 173.707330  64.993484  2.182
 89     0.373 55321.38215054 38.14 173.707239  64.986059 13.435
 89     0.441 55321.38215118 38.42 173.704269  64.989169 13.435
 89     0.677 55321.38215183 31.55 173.701289  64.992269 13.435
 90     3.458 55356.38215008 50.38 173.710691  64.984429 29.855
 90     3.619 55356.38215073 51.47 173.707721  64.987539 29.855
 90     3.479 55356.38215137 46.90 173.704751  64.990649 29.855
 90     3.474 55356.38215202 47.03 173.701771  64.993749 29.855
 91     4.734 55391.38215161 25.72 173.701043  64.985316 39.226
 91     0.942 55391.38215226 37.33 173.698063  64.988416 39.226
 91     0.913 55391.38215290 27.18 173.695093  64.991526 39.226
 91     1.069 55391.38215355 26.88 173.692112  64.994635 30.185
 92     0.613 55426.38216706 35.29 173.708829  64.985713 46.400
 92     0.502 55426.38216770 39.35 173.705859  64.988823 46.400
 92     0.595 55426.38216834 39.25 173.702879  64.991933 46.400
 93     4.598 55461.38213316 30.90 173.721013  64.983370 25.201
 93     4.757 55461.38213380 25.34 173.718043  64.986480 25.201
 93     1.922 55461.38213445 26.44 173.715063  64.989580 25.201
 93     3.026 55461.38213509 27.66 173.712093  64.992690 25.201
