# NaN NaN NaN ;Mean Elev.(m), Avg Gradient(m/km), RMS Gradient(m/km) - SRTM1     
#  -12.388  -0.313   3.261 ;Mean Elev.(m), Avg Gradient(m/km), RMS Gradient(m/km) - ASTER GDEM
#    1.884   0.076   1.168 ;Mean Elev.(m), Avg Gradient(m/km), RMS Gradient(m/km) - GMTED2010 
  7 173.646982  64.999928     9.393     9.356  4 52443.98632792 40.113
  8 173.648808  64.998355     4.129     4.224  4 52478.98632188 19.427
  9 173.652571  64.999756     0.898     1.130  4 52513.98626670 37.671
 10 173.661689  64.996438     1.982     2.825  3 52548.98631101 21.085
 11 173.659790  64.999032     0.360     0.342  4 52583.98630221 30.868
 12 173.642344  65.001183     1.331     1.260  4 52618.98627903 16.832
 13 173.665224  64.995355     1.146     1.275  3 52653.98626028 14.337
 14 173.644647  65.000252     1.160     0.979  4 52688.98625714 13.924
 15 173.655672  64.997201     2.072     2.291  4 52723.98630249 12.025
 16 173.636967  65.002306     1.740     1.769  4 52758.98632225 11.376
 17 173.667040  64.993961     4.227     4.072  3 52793.98627686 22.037
 18 173.667207  64.993043     3.975     4.213  3 52828.98634441 21.670
 19 173.664220  64.993297     3.679     4.418  3 52863.98638918 22.499
 20 173.649815  65.000412     3.655     3.629  4 52898.98641762 21.750
 21 173.642705  65.003019     0.304     0.304  4 52933.98636178 40.240
 22 173.660496  64.995645     1.366     1.528  3 52968.98637517 22.021
 23 173.647899  65.000212     1.079     0.840  4 53003.98639503 15.232
 24 173.641330  65.003092     1.109     1.265  4 53038.98634379 13.403
 25 173.650492  64.999924     1.820     1.736  4 53073.98637358 12.404
 26 173.639533  65.003586     0.329     0.413  4 53108.98634389 19.373
 27 173.658995  64.998558     2.732     2.966  4 53143.98638379 27.180
 28 173.658238  64.998992     3.091     3.092  4 53178.98640097 33.375
 29 173.652961  64.999045     3.024     3.273  4 53213.98642246 21.890
 30 173.646268  64.999687     3.512     3.553  4 53248.98639209 21.549
 31 173.659731  64.995859     4.218     4.236  4 53283.98638635 24.941
 33 173.650839  64.998736     0.670     0.672  3 53353.98634557 21.230
 34 173.663307  64.995239     0.288     0.247  3 53388.98634669 16.144
 35 173.656266  64.996801     0.721     0.682  4 53423.98634585 12.365
 36 173.666976  64.993022     2.608     2.550  3 53458.98635129 10.788
 37 173.652375  65.000151     0.248     0.253  4 53493.98643562 35.179
 38 173.657622  64.996961     4.411     4.398  4 53528.98641244 30.017
 39 173.644646  65.000427     2.956     3.110  4 53563.98644258 34.400
 40 173.651238  65.000251     2.096     2.072  4 53598.98638367 52.400
 41 173.660471  64.995485     4.301     4.297  3 53633.98638036 23.073
 42 173.652198  64.999252     0.244     0.244  3 53668.98640177 42.547
 43 173.653772  64.997931     0.475     0.465  4 53703.98634218 27.139
 44 173.641512  65.000288     0.702     0.751  4 53738.98625126 12.501
 45 173.661796  64.994716     0.729     0.725  3 53773.98626909 12.095
 48 173.660355  64.994575     2.610     2.611  3 53878.98632425 27.903
 49 173.651310  65.000213     4.069     3.969  4 53913.98637815 21.516
 50 173.645412  65.001646     2.209     2.032  4 53948.98638994 23.359
 51 173.645158  64.999242     3.515     3.621  4 53983.98633008 23.604
 52 173.662350  64.993854     0.673    -0.379  3 54018.98636328 37.050
 53 173.661954  64.993689     2.184     2.243  3 54053.98635454 17.951
 54 173.649983  64.999225     1.534     1.740  3 54088.98634546 15.000
 55 173.665899  64.993767     2.225     2.213  4 54123.98626860 13.796
 56 173.655644  65.000012     2.580     2.401  4 54158.98630996 10.908
 57 173.665320  64.995531     2.734     2.736  3 54193.98627104  8.735
 58 173.658306  64.999550     2.672     2.719  4 54228.98632204 13.564
 59 173.656725  64.997042     4.184     4.108  4 54263.98634082 22.400
 60 173.656016  64.997101     1.089     0.868  4 54298.98634468 27.492
 61 173.651069  64.999567     3.721     3.649  4 54333.98633483 19.719
 63 173.652864  64.999442     0.219     0.215  4 54403.98627857 38.350
 64 173.667851  64.994433     0.567     0.553  3 54438.98623616 23.399
 65 173.659060  64.996101     0.949     0.866  4 54473.98626522 15.961
 66 173.664545  64.994192     1.273     1.246  4 54508.98624836 12.316
 67 173.654580  64.998344     0.755     0.771  4 54543.98627934  9.990
 68 173.658065  64.996431     1.770     1.559  4 54578.98624825 10.137
 69 173.655939  64.998931     3.319     3.428  4 54613.98626923 27.398
 70 173.656927  64.997587     4.395     4.337  4 54648.98627835 20.779
 71 173.650344  64.999411     1.086     1.111  4 54683.98627612 34.847
 72 173.665934  64.994137     0.390     0.396  4 54718.98622345 48.101
 73 173.656803  64.997824     0.812     0.828  4 54753.98624972 44.799
 74 173.663262  64.994141     0.753     0.568  3 54788.98621692 20.225
 75 173.659797  64.997073     0.593     0.561  4 54823.98624489 14.937
 76 173.665908  64.993525     0.598     0.585  4 54858.98621009 12.174
 77 173.651013  64.999608     1.095     0.746  4 54893.98624676 10.095
 78 173.660578  64.993876     0.820     0.553  3 54928.98620979  9.566
 79 173.656092  64.998631     0.232     0.230  4 54963.98624628 42.771
 80 173.652609  64.999122     3.810     3.670  3 54998.98626695 20.828
 81 173.658788  64.998153     4.322     4.238  4 55033.98625463 19.731
 82 173.647909  64.998568     1.051     1.056  4 55068.98624376 38.552
 83 173.661684  64.993955     2.938     3.014  3 55103.98618399 26.816
 84 173.655765  64.998678     0.872     0.864  4 55138.98619108 33.391
 85 173.665139  64.993745     0.991     1.056  3 55173.98615201 30.652
 86 173.659218  64.999235     1.337     1.480  4 55208.98618567 15.800
 87 173.660570  64.993992     0.840     0.765  3 55243.98615775 13.150
 88 173.649956  64.998724     1.011     1.068  4 55278.98617982 11.231
 89 173.657090  64.997640     1.176     0.897  4 55313.98614336  9.742
 90 173.652343  64.999123     3.884     3.831  3 55348.98615042 24.115
 91 173.662542  64.996528     3.660     3.575  3 55383.98614259 16.531
 92 173.657142  64.996453     4.224     4.319  4 55418.98616952 21.013
 93 173.648089  65.000044     4.452     4.497  3 55453.98614822 19.465
 94 173.642029  65.001103     0.445     0.447  4 55488.98606855 47.105
