-153480.184   102.411     0.00   21.54
-153101.012    88.333   -37.13   17.06
-152721.919    78.092   -27.02   14.80
-152342.906    73.060   -13.28   14.41
-151963.972    74.758     4.48   19.80
-151585.118    77.626     7.57   24.97
-151206.343    80.849     8.51   28.50
-150827.647    73.196   -20.21   31.87
-150449.031    63.344   -26.02   28.96
-150070.493    54.196   -24.17   19.76
-149692.035    54.391     0.52   18.79
-149313.656    55.022     1.67   19.58
-148935.356    53.304    -4.54   19.60
-148557.135    47.355   -15.73   18.48
-148178.992    39.868   -19.80   13.31
-147800.929    34.581   -13.99    6.00
-147422.944    32.033    -6.74    3.08
-147045.039    33.696     4.40    6.15
-146667.211    38.600    12.98   11.22
-146289.463    40.283     4.45   11.05
-145911.793    41.211     2.46   10.55
-145534.202    38.837    -6.29   11.27
-145156.689    34.422   -11.70    5.74
-144779.255    32.652    -4.69    3.28
-144401.899    32.067    -1.55    2.91
-144024.622    31.511    -1.47    2.58
-143647.423    30.644    -2.30    1.59
-143270.302    30.522    -0.33    1.66
-142893.260    31.300     2.06    2.81
-142516.295    32.478     3.13    3.62
-142139.409    33.121     1.71    3.75
-141762.601    32.739    -1.01    3.69
-141385.871    32.167    -1.52    3.70
-141009.219    31.753    -1.10    3.43
-140632.645    31.787     0.09    2.91
-140256.148    32.097     0.82    2.90
-139879.730    32.864     2.04    3.34
-139503.390    33.226     0.96    3.63
-139127.127    33.545     0.85    3.47
-138750.942    35.355     4.81    5.52
-138374.834    35.420     0.17    5.85
-137998.804    36.925     4.00    7.71
-137622.852    40.125     8.51   10.96
-137246.977    40.441     0.84   11.21
-136871.180    40.682     0.64   11.60
-136495.460    38.989    -4.51   10.21
-136119.818    37.318    -4.45   10.69
-135744.253    35.667    -4.40   10.44
-135368.765    33.000    -7.10    7.51
-134993.355    32.593    -1.08    4.76
-134618.021    33.456     2.30    5.16
-134242.765    34.413     2.55    4.36
-133867.586    34.678     0.71    4.06
-133492.484    34.699     0.06    3.96
-133117.459    35.311     1.63    4.47
-132742.511    35.882     1.52    6.20
-132367.639    36.578     1.86    7.29
-131992.845    35.989    -1.57    7.12
-131618.127    34.341    -4.40    4.97
-131243.487    34.710     0.99    5.30
-130868.923    34.341    -0.99    5.30
-130494.435    34.620     0.74    4.55
-130120.024    34.462    -0.42    3.54
-129745.690    34.516     0.15    4.00
-129371.433    34.774     0.69    5.55
-128997.252    34.656    -0.32    6.47
-128623.147    32.688    -5.26    5.35
-128249.119    31.067    -4.33    3.62
-127875.167    31.446     1.01    4.22
-127501.291    32.302     2.29    4.60
-127127.492    34.652     6.29    5.63
-126753.768    37.209     6.84    6.43
-126380.121    40.337     8.37    7.59
-126006.551    43.209     7.69   10.85
-125633.056    43.543     0.89   13.67
-125259.637    40.988    -6.84   14.46
-124886.294    38.109    -7.71   10.29
-124513.027    36.253    -4.97    7.42
-124139.836    34.817    -3.85    5.29
-123766.721    34.544    -0.73    5.25
-123393.682    34.419    -0.34    6.11
-123020.718    33.846    -1.54    5.56
-122647.830    32.429    -3.80    2.89
-122275.018    31.860    -1.52    2.76
-121902.282    31.311    -1.47    2.01
-121529.621    29.645    -4.47    3.48
-121157.035    28.622    -2.75    4.54
-120784.525    27.231    -3.74    5.23
-120412.090    26.674    -1.49    5.45
-120039.731    27.462     2.12    5.06
-119667.447    28.807     3.61    4.41
-119295.239    29.656     2.28    3.65
-118923.106    30.693     2.79    1.97
-118551.047    31.022     0.88    0.15
-118179.064    31.000    -0.06    0.00
-117807.157    31.000     0.00    0.00
-117435.324    31.000     0.00    0.00
-117063.566    31.000     0.00    0.00
-116691.883    31.000     0.00    0.00
-116320.276    31.000     0.00    0.00
-115948.743    31.000     0.00    0.00
-115577.285    31.000     0.00    0.00
-115205.901    31.000     0.00    0.00
-114834.593    31.000     0.00    0.00
-114463.359    31.000     0.00    0.00
-114092.200    31.000     0.00    0.00
-113721.115    31.000     0.00    0.00
-113350.105    31.000     0.00    0.00
-112979.170    31.000     0.00    0.00
-112608.309    30.944    -0.15    0.23
-112237.523    30.739    -0.55    0.44
-111866.811    30.500    -0.65    0.50
-111496.173    30.337    -0.44    0.48
-111125.610    30.230    -0.29    0.42
-110755.120    30.326     0.26    0.47
-110384.706    30.482     0.42    0.53
-110014.365    30.582     0.27    0.58
-109644.098    30.674     0.25    0.54
-109273.906    31.099     1.15    1.34
-108903.787    31.279     0.49    1.61
-108533.743    31.505     0.61    1.83
-108163.772    31.534     0.08    1.78
-107793.876    31.280    -0.69    1.19
-107424.053    31.191    -0.24    0.82
-107054.304    31.098    -0.25    0.66
-106684.629    31.000    -0.26    0.00
-106315.028    31.000     0.00    0.00
-105945.500    31.000     0.00    0.00
-105576.046    31.000     0.00    0.00
-105206.666    30.957    -0.12    0.29
-104837.359    29.988    -2.62    2.94
-104468.126    28.620    -3.71    4.27
-104098.966    26.919    -4.61    4.98
-103729.879    26.054    -2.34    4.97
-103360.866    25.261    -2.15    4.90
-102991.927    25.152    -0.30    4.84
-102623.060    24.689    -1.26    4.83
-102254.267    24.837     0.40    4.84
-101885.547    24.727    -0.30    4.88
-101516.901    24.856     0.35    5.00
-101148.327    24.451    -1.10    4.98
-100779.826    24.867     1.13    5.50
-100411.399    25.308     1.20    5.88
-100043.045    27.281     5.36    6.94
 -99674.763    29.348     5.61    7.40
 -99306.554    33.442    11.12    8.59
 -98938.419    38.837    14.66   10.47
 -98570.356    40.207     3.72   11.16
 -98202.366    39.217    -2.69   10.50
 -97834.448    36.239    -8.10    7.58
 -97466.604    33.867    -6.45    3.40
 -97098.832    33.484    -1.04    3.08
 -96731.132    31.865    -4.40    4.82
 -96363.506    30.611    -3.41    5.84
 -95995.951    28.500    -5.74    6.50
 -95628.469    27.000    -4.08    6.38
 -95261.060    26.812    -0.51    5.99
 -94893.723    28.174     3.71    5.55
 -94526.458    29.553     3.76    5.19
 -94159.266    31.587     5.54    3.86
 -93792.146    32.211     1.70    2.73
 -93425.098    32.484     0.74    3.03
 -93058.123    32.710     0.62    3.02
 -92691.219    31.044    -4.54    5.10
 -92324.388    29.624    -3.87    5.75
 -91957.629    28.739    -2.41    5.81
 -91590.941    27.900    -2.29    5.79
 -91224.326    27.256    -1.76    5.55
 -90857.783    27.630     1.02    5.34
 -90491.311    28.306     1.84    5.43
 -90124.912    29.815     4.12    5.09
 -89758.584    30.955     3.11    3.58
 -89392.328    30.648    -0.84    3.13
 -89026.144    30.989     0.93    3.20
 -88660.031    31.180     0.52    2.90
 -88293.990    32.122     2.57    2.77
 -87928.021    31.494    -1.72    3.01
 -87562.123    31.722     0.62    2.80
 -87182.633    31.674    -0.13    2.78
 -86801.860    31.112    -1.48    2.91
 -86421.166    30.443    -1.76    2.95
 -86040.550    29.846    -1.57    3.39
 -85660.013    29.330    -1.36    3.18
 -85279.553    29.589     0.68    2.87
 -84899.173    29.898     0.81    0.55
 -84518.870    30.133     0.62    0.62
 -84138.645    30.133     0.00    0.62
 -83758.499    30.136     0.01    0.63
 -83378.431    30.133    -0.01    0.62
 -82998.441    30.000    -0.35    0.00
 -82618.529    30.044     0.12    0.25
 -82238.695    30.534     1.29    1.65
 -81858.938    30.663     0.34    2.29
 -81479.260    30.807     0.38    2.36
 -81099.659    30.911     0.27    2.44
 -80720.136    30.012    -2.37    3.24
 -80340.691    29.165    -2.23    4.32
 -79961.324    28.023    -3.01    5.26
 -79582.034    26.451    -4.15    5.82
 -79202.822    24.679    -4.67    5.97
 -78823.687    23.772    -2.39    5.45
 -78444.630    22.907    -2.28    5.07
 -78065.650    23.478     1.51    5.24
 -77686.748    25.151     4.42    5.29
 -77307.923    26.793     4.34    4.70
 -76929.175    28.244     3.83    3.62
 -76550.504    29.130     2.34    2.54
 -76171.911    29.640     1.34    0.87
 -75793.395    29.576    -0.17    0.50
 -75414.956    28.368    -3.19    2.96
 -75036.594    26.696    -4.42    4.29
 -74658.309    26.453    -0.64    4.31
 -74280.101    26.857     1.07    3.94
 -73901.970    26.744    -0.30    4.00
 -73523.916    25.640    -2.92    4.79
 -73145.938    24.420    -3.23    4.96
 -72768.038    24.600     0.48    4.99
 -72390.214    26.483     4.98    4.45
 -72012.466    28.099     4.28    2.82
 -71634.796    28.989     2.36    0.11
 -71257.202    29.000     0.03    0.00
 -70879.685    29.000     0.00    0.00
 -70502.244    29.000     0.00    0.00
 -70124.879    29.000     0.00    0.00
 -69747.591    29.333     0.88    1.25
 -69370.380    29.495     0.43    2.12
 -68993.244    29.533     0.10    2.76
 -68616.185    30.198     1.76    3.10
 -68239.203    30.944     1.98    3.24
 -67862.296    31.477     1.41    3.26
 -67485.465    31.944     1.24    3.11
 -67108.711    31.625    -0.85    2.99
 -66732.033    31.067    -1.48    2.94
 -66355.430    30.467    -1.60    2.72
 -65978.904    30.489     0.06    2.79
 -65602.454    30.789     0.80    3.19
 -65226.079    31.483     1.84    3.30
 -64849.780    30.977    -1.34    3.64
 -64473.557    31.191     0.57    3.70
 -64097.410    31.114    -0.21    3.12
 -63721.338    30.652    -1.23    3.14
 -63345.342    30.133    -1.38    2.85
 -62969.422    29.678    -1.21    2.71
 -62593.577    29.267    -1.09    2.97
 -62217.808    29.656     1.03    2.84
 -61842.114    29.944     0.77    2.95
 -61466.496    29.775    -0.45    3.01
 -61090.952    29.261    -1.37    3.05
 -60715.485    29.400     0.37    3.05
 -60340.092    28.898    -1.34    3.16
 -59964.775    29.270     0.99    3.61
 -59589.533    29.382     0.30    3.67
 -59214.366    28.932    -1.20    3.66
 -58839.274    29.284     0.94    3.38
 -58464.257    29.900     1.64    3.32
 -58089.316    29.580    -0.85    2.83
 -57714.449    29.146    -1.16    2.35
 -57339.657    28.523    -1.66    2.25
 -56964.940    28.278    -0.65    2.17
 -56590.298    27.824    -1.21    2.39
 -56215.731    28.100     0.74    2.39
 -55841.238    27.989    -0.30    2.39
 -55466.820    27.722    -0.71    2.33
 -55092.477    28.148     1.14    2.50
 -54718.208    28.467     0.85    2.63
 -54344.014    28.724     0.69    2.97
 -53969.895    29.333     1.63    4.13
 -53595.850    31.116     4.77    6.39
 -53221.879    33.652     6.78    8.53
 -52847.983    38.541    13.08   10.86
 -52474.161    43.744    13.92   13.05
 -52100.413    49.442    15.24   15.38
 -51726.740    54.670    13.99   16.75
 -51353.141    60.529    15.68   17.41
 -50979.616    66.044    14.76   17.07
 -50606.165    72.233    16.57   18.67
 -50232.788    77.587    14.34   18.51
 -49859.485    82.512    13.19   18.34
 -49486.257    91.700    24.62   18.23
 -49113.102   101.774    27.00   18.49
 -48740.021   113.444    31.28   15.42
 -48367.014   119.012    14.93   10.86
 -47994.081   116.663    -6.30   10.50
 -47621.221   110.890   -15.48   12.16
 -47248.436   108.236    -7.12   13.40
 -46875.724   108.919     1.83   13.20
 -46503.085   109.389     1.26   13.65
 -46130.521   113.092     9.94   16.15
 -45758.030   115.637     6.83   19.68
 -45385.612   119.427    10.18   24.06
 -45013.268   123.378    10.61   25.32
 -44640.997   125.956     6.93   27.44
 -44268.800   123.911    -5.49   27.90
 -43896.676   115.864   -21.63   25.87
 -43524.625   103.685   -32.73   21.45
 -43152.647    92.360   -30.45   16.88
 -42780.743    81.456   -29.32   10.40
 -42408.912    76.133   -14.31    9.65
 -42037.154    73.000    -8.43    9.24
 -41665.469    70.233    -7.44    9.14
 -41293.858    67.471    -7.43    8.20
 -40922.319    64.600    -7.73    7.48
 -40550.853    61.209    -9.13    6.88
 -40179.460    57.000   -11.33    7.19
 -39808.140    51.298   -15.36    7.25
 -39436.893    46.517   -12.88    6.66
 -39065.718    42.000   -12.17    5.48
 -38694.617    38.200   -10.24    4.33
 -38323.588    35.024    -8.56    2.85
 -37952.631    33.923    -2.97    1.90
 -37581.748    33.547    -1.02    1.83
 -37210.937    33.396    -0.41    1.79
 -36840.198    33.713     0.86    1.75
 -36469.532    33.100    -1.65    1.56
 -36098.938    32.172    -2.50    2.00
 -35728.417    31.356    -2.20    2.15
 -35357.968    30.276    -2.91    2.11
 -34987.592    29.230    -2.82    1.97
 -34617.287    29.573     0.93    2.32
 -34247.055    30.125     1.49    2.47
 -33876.896    31.034     2.45    2.81
 -33506.808    31.885     2.30    2.74
 -33136.792    32.247     0.98    3.57
 -32766.849    32.465     0.59    3.64
 -32396.977    32.461    -0.01    3.61
 -32027.178    31.814    -1.75    3.84
 -31657.450    30.978    -2.26    3.42
 -31287.795    29.988    -2.68    3.53
 -30918.211    29.261    -1.97    3.30
 -30548.699    28.860    -1.08    3.09
 -30179.259    29.725     2.34    3.71
 -29809.891    30.849     3.04    4.37
 -29440.594    33.644     7.57    5.56
 -29071.369    34.885     3.36    5.38
 -28702.215    35.258     1.01    5.38
 -28333.133    34.489    -2.09    5.21
 -27964.123    34.614     0.34    4.79
 -27595.184    36.180     4.25    5.58
 -27226.317    39.523     9.06    5.17
 -26857.521    41.438     5.19    5.35
 -26488.796    42.483     2.83    5.38
 -26120.143    40.652    -4.97    6.63
 -25751.561    38.762    -5.13    6.72
 -25383.050    36.322    -6.62    5.86
 -25014.610    34.333    -5.40    5.87
 -24646.242    33.678    -1.78    5.59
 -24277.945    33.238    -1.19    5.46
 -23909.718    33.256     0.05    5.36
 -23541.563    33.057    -0.54    4.98
 -23173.479    31.843    -3.30    3.94
 -22805.466    30.103    -4.73    2.78
 -22437.523    30.114     0.03    3.13
 -22069.652    30.711     1.62    3.30
 -21701.851    31.345     1.72    3.12
 -21334.121    31.795     1.23    2.63
 -20966.462    31.477    -0.87    2.59
 -20598.874    31.955     1.30    3.07
 -20231.356    32.841     2.41    4.21
 -19863.909    35.258     6.58    5.35
 -19496.533    37.061     4.91    5.09
 -19129.227    37.230     0.46    4.60
 -18761.991    36.118    -3.03    4.45
 -18394.826    35.809    -0.84    4.29
 -18027.732    35.483    -0.89    3.80
 -17660.708    35.551     0.18    3.99
 -17293.754    36.989     3.92    4.45
 -16926.870    40.966    10.84    8.34
 -16560.057    46.114    14.03    9.16
 -16193.314    49.651     9.65    7.10
 -15826.641    49.000    -1.78    7.43
 -15460.039    46.440    -6.98    7.60
 -15093.506    43.318    -8.52    5.11
 -14727.044    42.220    -3.00    3.78
 -14360.651    42.494     0.75    3.47
 -13994.329    43.440     2.58    3.22
 -13628.076    44.114     1.84    2.91
 -13261.893    43.182    -2.54    2.40
 -12895.781    43.281     0.27    2.32
 -12520.123    43.430     0.40    2.78
 -12139.508    43.800     0.97    3.38
 -11758.969    44.568     2.02    3.24
 -11378.507    44.534    -0.09    2.99
 -10998.121    45.782     3.28    3.28
 -10617.811    47.636     4.88    2.91
 -10237.577    48.940     3.43    1.79
  -9857.420    49.023     0.22    2.03
  -9477.339    50.145     2.95    2.79
  -9097.334    49.865    -0.74    3.09
  -8717.405    49.583    -0.74    3.29
  -8337.552    48.870    -1.88    3.84
  -7957.774    46.750    -5.58    4.04
  -7578.073    43.989    -7.27    5.28
  -7198.448    40.779    -8.45    4.65
  -6818.898    41.841     2.80    5.46
  -6439.424    44.298     6.47    6.65
  -6060.026    48.307    10.57    6.86
  -5680.704    53.115    12.68    5.29
  -5301.457    53.830     1.88    5.85
  -4922.286    50.609    -8.49    8.86
  -4543.190    45.089   -14.56    9.53
  -4164.170    38.391   -17.67    5.98
  -3785.226    34.898    -9.22    3.32
  -3406.356    34.034    -2.28    2.13
  -3027.563    35.326     3.41    3.15
  -2648.844    36.270     2.49    3.71
  -2270.201    34.659    -4.25    5.54
  -1891.633    28.182   -17.11   10.57
  -1513.140    18.713   -25.02   13.33
  -1134.722     9.079   -25.46   11.62
   -756.379     3.337   -15.18    7.48
   -378.112     0.000    -8.82    0.00
      0.081     0.000     0.00    0.00
    378.198     0.101     0.27    0.71
    756.241     0.627     1.39    2.15
   1134.209     1.769     3.02    3.10
   1512.102     3.807     5.39    4.03
   1889.920     7.816    10.61    5.35
   2267.663    11.735    10.37    5.19
   2645.332    14.287     6.76    5.40
   3022.926    14.780     1.31    5.18
   3400.445    12.432    -6.22    6.52
   3777.890    10.738    -4.49    5.92
   4155.260     9.670    -2.83    5.16
   4532.556     9.560    -0.29    5.43
   4909.778     9.820     0.69    5.40
   5286.925     8.232    -4.21    4.29
   5663.997     6.807    -3.78    4.42
   6040.996     4.476    -6.18    4.63
   6417.920     2.455    -5.36    4.09
   6794.770     1.012    -3.83    3.28
   7171.545     0.420    -1.57    1.62
   7548.247     0.365    -0.15    1.14
   7924.874     0.898     1.42    2.18
   8301.428     2.407     4.01    4.11
   8677.907     3.284     2.33    4.27
   9054.312     4.779     3.97    4.14
   9430.644     6.432     4.39    5.15
   9806.902     7.057     1.66    5.28
  10183.085     6.716    -0.91    5.13
  10559.195     5.188    -4.06    4.44
  10935.232     4.444    -1.98    3.63
  11311.194     4.209    -0.63    3.47
  11687.083     5.682     3.92    7.13
  12062.898    11.701    16.02   14.71
  12438.640    20.477    23.36   20.84
  12814.308    27.552    18.83   20.26
  13189.903    24.807    -7.31   19.84
  13565.424    17.682   -18.97   21.79
  13940.872     9.517   -21.75   17.38
  14316.247     1.839   -20.45    6.32
  14691.548     0.000    -4.90    0.00
  15066.776     0.000     0.00    0.00
  15441.930     0.000     0.00    0.00
  15817.012     0.000     0.00    0.00
  16192.020     0.000     0.00    0.00
  16566.955     0.000     0.00    0.00
  16941.817     0.000     0.00    0.00
  17316.607     0.000     0.00    0.00
  17691.323     0.000     0.00    0.00
  18065.966     0.000     0.00    0.00
  18440.536     0.000     0.00    0.00
  18815.034     0.000     0.00    0.00
  19189.458     0.000     0.00    0.00
  19563.810     0.000     0.00    0.00
  19938.089     0.000     0.00    0.00
  20312.296     0.000     0.00    0.00
  20686.430     0.000     0.00    0.00
  21060.491     0.000     0.00    0.00
  21434.480     0.000     0.00    0.00
  21808.396     0.000     0.00    0.00
  22182.240     0.000     0.00    0.00
  22556.011     0.000     0.00    0.00
  22929.710     0.000     0.00    0.00
  23303.336     0.000     0.00    0.00
  23676.891     0.000     0.00    0.00
  24050.373     0.000     0.00    0.00
  24423.782     0.000     0.00    0.00
  24797.120     0.000     0.00    0.00
  25170.385     0.000     0.00    0.00
  25543.579     0.000     0.00    0.00
  25916.700     0.000     0.00    0.00
  26289.749     0.000     0.00    0.00
  26662.726     0.000     0.00    0.00
  27035.632     0.000     0.00    0.00
  27408.465     0.000     0.00    0.00
  27781.227     0.000     0.00    0.00
  28153.917     0.000     0.00    0.00
  28526.535     0.000     0.00    0.00
  28899.081     0.000     0.00    0.00
  29271.556     0.000     0.00    0.00
  29643.959     0.000     0.00    0.00
  30016.290     0.000     0.00    0.00
  30388.550     0.517     1.39    1.89
  30760.738     2.679     5.81    4.76
  31132.855     7.161    12.04    7.85
  31504.901    10.711     9.54    6.71
  31876.875    12.533     4.90    4.68
  32248.777    13.072     1.45    4.50
  32620.609    12.552    -1.40    3.30
  32992.369    12.571     0.05    2.60
  33364.057    12.368    -0.55    2.47
  33735.675    11.291    -2.90    1.69
  34107.222    10.953    -0.91    1.70
  34478.697    10.894    -0.16    1.68
  34850.101    11.386     1.33    1.87
  35221.435    11.908     1.40    1.70
  35592.697    12.437     1.42    1.45
  35963.888    12.954     1.39    1.74
  36335.009    14.048     2.95    2.30
  36706.058    15.534     4.01    2.66
  37077.037    17.068     4.14    2.53
  37447.945    18.400     3.59    1.83
  37818.782    19.477     2.90    2.21
  38189.549    20.000     1.41    2.17
  38560.244    20.595     1.61    2.55
  38930.870    23.034     6.58    5.33
  39301.424    26.506     9.37    8.56
  39671.908    31.591    13.72   14.71
  40042.322    36.488    13.22   18.64
  40412.665    38.489     5.40   18.50
  40782.938    38.122    -0.99   15.86
  41153.140    36.568    -4.20   11.99
  41523.272    35.122    -3.91   12.31
  41893.333    32.080    -8.22    9.11
  42263.325    29.183    -7.83    4.33
  42633.246    29.193     0.03    4.28
  43003.097    29.607     1.12    4.05
  43372.878    29.773     0.45    4.35
  43742.588    30.238     1.26    4.33
  44112.229    31.557     3.57    4.78
  44481.800    33.174     4.38    4.73
  44851.300    35.023     5.00    3.84
  45220.731    36.437     3.83    2.84
  45590.092    37.298     2.33    2.61
  45959.383    37.955     1.78    2.62
  46328.604    38.862     2.46    2.84
  46697.755    40.805     5.26    3.59
  47066.836    44.453     9.89    4.62
  47435.848    46.448     5.41    4.57
  47804.790    49.476     8.21    3.34
  48173.663    49.789     0.85    3.63
  48542.466    48.476    -3.56    4.32
  48911.199    46.437    -5.53    4.53
  49279.863    44.395    -5.54    4.08
  49648.457    43.690    -1.91    4.14
  50016.982    43.325    -0.99    4.35
  50385.438    42.506    -2.22    3.95
  50753.824    41.988    -1.41    3.45
  51122.141    40.977    -2.75    3.03
  51490.389    40.581    -1.07    3.23
  51858.567    42.447     5.07    4.29
  52226.676    44.207     4.78    4.85
  52594.716    46.636     6.60    4.25
  52962.687    48.635     5.43    3.56
  53330.589    49.616     2.67    2.77
  53698.421    49.965     0.95    2.87
  54066.185    51.548     4.30    3.00
  54433.880    53.966     6.58    4.75
  54801.506    58.268    11.70    7.71
  55169.063    64.322    16.47    9.50
  55536.551    71.250    18.85   11.19
  55903.970    78.851    20.69   12.99
  56271.320    88.310    25.75   17.72
  56638.602    98.575    27.95   22.94
  57005.815   109.590    30.00   27.69
  57372.959   115.419    15.87   28.83
  57740.035   115.047    -1.01   28.50
  58107.042   107.476   -20.63   27.06
  58473.981    98.455   -24.59   22.49
  58840.851    88.977   -25.83   13.42
  59207.653    87.425    -4.23    9.80
  59574.386    89.188     4.81   11.03
  59941.051    96.425    19.74   13.62
  60307.647   106.667    27.94   16.04
  60674.175   115.159    23.17   16.87
  61040.635   122.402    19.76   18.09
  61407.027   123.080     1.85   19.65
  61773.350   121.762    -3.60   20.67
  62145.484   121.875     0.30   18.49
  62525.942   128.542    17.52   21.35
  62906.326   154.364    67.88   40.85
  63286.635   183.412    76.38   41.97
  63666.870   199.466    42.22   29.40
  64047.031   200.951     3.91   23.42
  64427.118   179.759   -55.75   30.05
  64807.130   156.976   -59.95   25.86
  65187.068   141.310   -41.23   16.39
  65566.933   136.277   -13.25   10.29
  65946.723   142.605    16.66   15.92
  66326.439   153.733    29.30   19.65
  66706.081   165.595    31.25   20.63
  67085.650   177.138    30.41   27.16
  67465.144   184.184    18.57   30.84
  67844.565   186.905     7.17   30.57
  68223.912   183.609    -8.69   25.45
  68603.185   177.625   -15.78   18.71
  68982.384   173.890    -9.85   17.76
  69361.510   180.337    17.00   23.43
  69740.562   193.881    35.73   25.91
  70119.541   207.448    35.80   23.12
  70498.446   214.695    19.12   17.00
  70877.278   216.341     4.34   18.58
  71256.036   211.049   -13.97   23.85
  71634.721   208.000    -8.05   25.11
  72013.332   209.988     5.25   24.52
  72391.870   205.023   -13.12   23.49
  72770.335   197.646   -19.49   24.29
  73148.727   192.465   -13.69   22.35
  73527.046   189.964    -6.61   20.40
  73905.291   192.447     6.56   17.55
  74283.463   200.141    20.34   16.97
  74661.562   209.655    25.16   21.09
  75039.589   225.698    42.44   24.78
  75417.542   240.570    39.35   23.95
  75795.422   250.012    24.99   18.59
  76173.230   246.864    -8.33   22.57
  76550.964   230.989   -42.02   25.78
  76928.626   214.000   -44.98   22.74
  77306.215   200.864   -34.79   20.06
  77683.731   192.080   -23.26   18.97
  78061.175   180.905   -29.61   22.24
  78438.546   168.849   -31.95   34.62
  78815.844   145.035   -63.11   46.34
  79193.070   129.195   -41.99   42.65
  79570.223   116.847   -32.74   38.92
  79947.304   111.880   -13.17   34.50
  80324.313   131.874    53.03   38.62
  80701.249   157.845    68.90   37.09
  81078.112   187.709    79.24   36.78
  81454.904   214.634    71.45   38.00
  81831.623   241.023    70.05   38.39
  82208.270   265.691    65.49   38.64
  82584.844   282.500    44.63   35.95
  82961.347   287.062    12.12   34.13
  83337.777   274.307   -33.88   38.11
  83714.136   246.988   -72.58   30.51
  84090.422   233.489   -35.87   23.85
  84466.637   227.098   -16.99   20.23
  84842.779   233.129    16.04   25.93
  85218.850   249.481    43.48   34.24
  85594.849   262.651    35.02   33.54
  85970.776   276.387    36.54   28.51
  86346.631   283.407    18.67   26.79
  86722.414   288.024    12.29   33.63
  87098.126   298.184    27.04   38.40
  87473.766   306.843    23.05   41.49
  87849.335   307.326     1.28   34.44
  88224.832   302.108   -13.89   26.75
  88600.257   301.733    -1.00   20.63
  88975.611   300.859    -2.33   16.98
  89350.893   296.598   -11.35   18.19
  89726.104   284.590   -32.00   21.24
  90101.244   268.702   -42.35   25.16
  90476.313   249.268   -51.81   26.89
  90851.310   231.081   -48.50   24.83
  91226.236   216.535   -38.80   18.88
  91601.090   209.287   -19.33   16.51
  91975.874   204.571   -12.58   17.72
  92350.586   198.628   -15.86   17.62
  92725.228   189.614   -24.06   12.55
  93099.798   184.326   -14.12   12.29
  93474.297   179.988   -11.58   14.26
  93848.726   176.671    -8.86   15.71
  94223.083   175.325    -3.59   19.10
  94597.370   177.372     5.47   23.73
  94971.585   176.726    -1.73   26.33
  95345.730   175.541    -3.17   25.88
  95719.804   170.105   -14.53   21.26
  96093.808   170.023    -0.22   17.15
  96467.740   165.037   -13.33   19.48
  96841.603   154.860   -27.22   26.06
  97215.394   142.365   -33.43   27.88
  97589.115   131.186   -29.91   23.23
  97962.766   120.128   -29.59    9.05
  98336.345   119.930    -0.53   10.85
  98709.855   124.268    11.61   15.40
  99083.294   128.547    11.46   17.26
  99456.663   134.244    15.26   15.98
  99829.961   138.828    12.28   14.30
 100203.189   148.529    25.99   19.04
 100576.347   166.435    47.98   27.22
 100949.435   196.366    80.22   43.45
 101322.453   229.860    89.79   53.54
 101695.400   266.558    98.39   47.34
 102068.277   287.081    55.04   43.85
 102441.085   310.171    61.93   44.98
 102813.822   329.640    52.23   43.22
 103186.489   331.439     4.83   33.93
 103559.087   326.701   -12.71   30.23
 103931.614   329.694     8.03   31.28
 104304.072   332.230     6.81   34.63
 104676.460   335.675     9.25   34.53
 105048.778   336.329     1.76   34.21
 105421.026   321.817   -38.98   49.37
 105793.205   290.977   -82.86   59.87
 106165.314   258.795   -86.48   48.76
 106537.353   240.209   -49.95   33.01
 106909.323   232.383   -21.04   20.01
 107281.224   232.860     1.28   18.43
 107653.054   235.975     8.38   21.34
 108024.816   247.314    30.50   33.60
 108396.508   253.200    15.83   37.04
 108768.130   252.952    -0.67   33.18
 109139.683   246.025   -18.64   30.74
 109511.167   250.094    10.95   32.65
 109882.582   264.837    39.69   42.96
 110253.927   288.080    62.59   54.45
 110625.204   318.350    81.52   56.94
 110996.411   338.256    53.62   59.26
 111367.549   343.519    14.18   56.32
 111738.618   347.713    11.30   52.23
 112109.617   352.402    12.64   42.86
 112480.548   351.129    -3.43   34.96
 112851.410   346.280   -13.07   31.84
 113222.203   325.690   -55.53   49.32
 113592.927   296.070   -79.89   61.88
 113963.583   254.188  -112.98   59.50
 114334.169   218.317   -96.79   37.25
 114704.687   194.988   -62.96   16.60
 115075.136   185.049   -26.83   12.02
 115445.516   180.286   -12.86    8.00
 115815.828   181.372     2.93   10.77
 116186.071   183.607     6.04   14.35
 116556.245   190.843    19.55   18.71
 116926.351   194.593    10.13   17.57
 117296.389   195.616     2.77   15.34
 117666.358   201.446    15.76   13.69
 118036.258   204.976     9.54   14.73
 118406.090   209.047    11.00   13.65
 118775.854   208.744    -0.82   11.47
 119145.550   204.358   -11.86   13.23
 119515.177   197.786   -17.78   15.24
 119884.736   192.000   -15.65   15.00
 120254.227   186.299   -15.43   16.93
 120623.649   176.074   -27.68   14.93
 120993.004   168.345   -20.92   10.42
 121362.290   164.775    -9.67    7.29
 121731.509   163.295    -4.01    5.13
 122100.659   163.275    -0.06    3.61
 122469.742   162.128    -3.11    2.73
 122838.756   161.463    -1.80    2.02
 123207.703   160.651    -2.20    2.57
 123576.581   160.720     0.19    3.49
 123945.392   162.616     5.14    5.03
 124314.135   166.576    10.74    6.93
 124682.811   174.647    21.89   11.46
 125051.419   187.337    34.42   23.42
 125419.959   210.631    63.20   41.36
 125788.431   233.547    62.18   50.38
 126156.836   246.434    34.98   54.27
 126525.173   244.941    -4.05   53.49
 126893.443   234.523   -28.29   43.91
 127261.645   224.329   -27.68   30.64
 127629.780   217.110   -19.61   16.41
 127997.847   213.500    -9.81   14.43
 128365.847   206.244   -19.72   17.50
 128733.780   199.570   -18.14   18.05
 129101.645   191.165   -22.85   15.47
 129469.443   186.226   -13.43   12.30
 129837.174   185.275    -2.59   10.90
 130204.838   185.709     1.18    8.96
 130572.434   187.795     5.67    8.57
 130939.964   196.459    23.57   20.91
 131307.426   206.732    27.95   31.85
 131674.821   220.412    37.23   38.60
 132042.150   230.129    26.45   42.19
 132409.411   235.867    15.62   41.22
 132776.605   241.940    16.54   40.62
 133143.733   244.570     7.16   36.48
 133510.793   240.235   -11.81   27.56
 133877.787   236.831    -9.27   22.86
 134244.714   233.774    -8.33   16.60
 134611.575   236.617     7.75   20.00
 134978.368   243.322    18.28   23.89
 135345.095   251.924    23.45   23.06
 135711.755   261.321    25.63   31.55
 136078.349   271.750    28.44   42.05
 136444.876   278.953    19.65   45.89
 136813.778   277.928    -2.78   39.59
 137194.083   280.259     6.13   28.69
 137574.315   289.026    23.05   31.96
 137954.476   303.430    37.89   41.12
 138334.563   304.062     1.66   42.17
 138714.579   298.816   -13.80   42.19
 139094.522   287.280   -30.36   35.51
 139474.393   274.793   -32.87   23.91
 139854.192   270.585   -11.08   18.11
 140233.919   272.190     4.23   15.53
 140613.574   284.407    32.17   17.91
 140993.156   299.000    38.44   26.07
 141372.667   328.759    78.41   49.96
 141752.106   379.939   134.87   84.88
 142131.472   453.470   193.80  117.69
 142510.767   510.852   151.27  116.39
 142889.990   543.299    85.55   92.54
 143269.142   554.537    29.64   86.20
 143648.221   551.849    -7.09   80.42
 144027.229   584.410    85.90   92.40
 144406.165   638.586   142.95   96.70
 144785.030   678.525   105.41   80.81
 145163.823   679.447     2.43   65.20
 145542.544   642.825   -96.69   73.00
 145921.194   603.464  -103.94   59.91
 146299.773   571.902   -83.36   51.01
 146678.280   549.860   -58.23   48.32
 147056.715   538.232   -30.72   50.03
 147435.080   539.337     2.92   64.20
 147813.373   561.317    58.10   76.22
 148191.594   586.819    67.42   72.83
 148569.745   583.718    -8.20   66.00
 148947.824   573.488   -27.05   70.64
 149325.832   551.145   -59.10   72.11
 149703.769   523.622   -72.81   82.67
 150081.635   487.110   -96.62   93.54
 150459.430   430.951  -148.63   81.61
 150837.154   389.828  -108.86   62.00
 151214.807   367.210   -59.88   49.67
 151592.390   357.271   -26.32   52.57
 151969.901   347.456   -26.00   49.39
 152347.341   335.291   -32.23   43.39
 152724.711   318.238   -45.18   33.88
 153102.010   312.105   -16.25   31.53
 153479.238   310.215    -5.01   37.26
 153856.396   319.107    23.57   42.64
 154233.482   334.593    41.06   40.85
 154610.499   342.897    22.02   38.67
 154987.444   356.741    36.72   36.64
 155364.320   369.976    35.11   36.08
 155741.125   380.744    28.57   34.05
 156117.859   387.129    16.95   27.38
 156494.523   387.434     0.81   28.07
 156871.116   364.824   -60.03   47.99
 157247.640   333.366   -83.54   59.06
 157624.093   311.060   -59.24   62.16
 158000.476   290.547   -54.50   64.60
 158376.788   277.976   -33.40   67.89
 158753.031   251.410   -70.60   58.98
 159129.203   223.488   -74.22   39.15
 159505.305   201.036   -59.69   20.50
 159881.337   191.309   -25.86   16.88
 160257.300   184.976   -16.84   15.62
 160633.192   175.940   -24.04   21.73
 161009.014   163.619   -32.78   23.96
 161384.767   153.000   -28.26   21.93
 161760.449   142.884   -26.92   13.57
 162136.062   138.037   -12.90    2.93
 162511.605   139.548     4.02    2.35
 162887.078   140.790     3.31    2.56
 163262.482   141.452     1.76    2.91
 163637.816   142.390     2.50    3.52
 164013.080   145.271     7.67    6.04
 164388.275   148.785     9.37    7.88
 164763.400   152.843    10.82    6.60
 165138.456   156.282     9.17    3.09
 165513.442   157.753     3.92    1.94
 165888.359   158.387     1.69    2.08
 166263.207   159.643     3.35    1.90
 166637.985   161.064     3.79    1.81
 167012.693   163.224     5.76    3.85
 167387.333   167.241    10.72    6.99
 167761.903   170.774     9.43    6.90
 168136.405   174.600    10.22    5.74
 168510.837   176.624     5.40    5.55
 168885.199   178.103     3.95    6.54
 169259.493   181.241     8.38    7.95
 169633.718   183.392     5.75   10.31
 170007.874   188.365    13.29   15.20
 170381.961   191.810     9.21   17.22
 170755.979   195.512     9.90   20.35
 171129.928   198.722     8.58   22.65
 171503.808   200.271     4.14   23.40
 171877.619   199.268    -2.68   19.77
 172251.362   196.929    -6.26   13.94
 172625.036   197.488     1.49   11.32
 172998.641   199.976     6.66   11.35
 173372.177   208.159    21.90   18.18
 173745.645   218.424    27.48   22.85
 174119.045   231.914    36.12   23.67
 174492.375   246.512    39.10   23.92
 174865.638   262.210    42.05   28.95
 175238.831   280.709    49.56   34.17
 175611.957   309.951    78.36   44.49
 175985.014   346.768    98.68   58.47
 176358.002   388.975   113.14   60.51
 176730.923   417.828    77.36   56.91
 177103.775   438.370    55.09   64.30
 177476.559   442.976    12.35   76.68
 177849.274   434.887   -21.70   87.17
 178221.922   422.092   -34.33   91.57
 178594.501   408.432   -36.66   93.10
 178967.012   397.341   -29.77   94.68
 179339.455   383.400   -37.43   87.90
 179711.830   369.694   -36.80   86.08
 180084.137   355.432   -38.30   78.90
 180456.377   351.402   -10.82   72.10
 180828.548   351.012    -1.05   73.48
 181200.651   370.635    52.73   74.26
 181572.687   401.877    83.96   86.12
 181944.655   443.598   112.15   95.16
 182316.555   488.063   119.55   76.99
 182688.387   493.353    14.22   63.87
 183060.152   480.603   -34.29   68.21
 183431.849   446.892   -90.68   68.90
 183803.478   426.846   -53.93   55.57
 184175.040   421.294   -14.94   46.65
 184546.534   428.637    19.76   46.69
 184917.961   463.060    92.66   71.35
 185289.320   518.295   148.72   96.31
 185660.612   590.929   195.60  104.40
 186031.837   656.400   176.34   94.50
 186402.994   684.253    75.03   75.87
 186774.084   650.359   -91.32  107.19
 187145.106   560.073  -243.31  137.09
 187516.062   478.077  -221.01   99.90
 187886.950   438.341  -107.12   70.99
 188257.771   424.551   -37.18   86.12
 188628.524   424.171    -1.03   98.72
 188999.211   405.295   -50.91   95.33
 189369.831   392.024   -35.80   75.57
 189740.383   410.962    51.10   94.44
 190110.869   438.268    73.69  106.09
 190481.288   482.420   119.18  104.61
 190851.639   504.224    58.86   85.01
 191221.924   531.877    74.67   74.35
 191592.142   567.805    97.03   73.01
 191962.294   583.855    43.36   71.67
 192332.378   595.835    32.37   70.14
 192702.396   612.494    45.01   74.94
 193072.347   625.500    35.15   81.36
 193442.231   626.707     3.26   88.12
 193812.049   604.964   -58.79  105.02
 194181.800   570.622   -92.86  106.15
 194551.485   535.831   -94.09   82.52
 194921.103   526.699   -24.70   72.18
 195290.655   519.988   -18.16   68.61
 195660.140   523.329     9.04   68.35
 196029.558   524.536     3.27   76.52
 196398.911   523.012    -4.12   77.42
 196768.197   520.975    -5.51   75.05
 197137.417   518.083    -7.83   66.92
 197506.570   508.060   -27.15   52.49
 197875.657   490.639   -47.19   50.67
 198244.678   471.679   -51.37   53.53
 198613.633   460.706   -29.74   46.91
 198982.522   458.925    -4.83   44.28
 199351.345   476.305    47.12   54.36
 199720.101   512.026    96.85   58.26
 200088.792   534.238    60.24   55.68
 200457.417   531.872    -6.42   62.18
 200825.975   518.024   -37.57   74.60
 201194.468   485.603   -87.97   71.52
 201562.895   472.988   -34.23   53.69
 201931.256   491.488    50.21   71.60
 202299.551   555.268   173.15  105.33
 202667.781   609.556   147.40   96.38
 203035.945   630.988    58.21   86.54
 203404.043   629.843    -3.11   90.99
 203772.075   605.145   -67.10   82.27
 204140.042   570.963   -92.88   68.68
 204507.943   543.024   -75.93   55.03
 204875.779   529.829   -35.87   49.78
 205243.549   526.687    -8.54   53.72
 205611.253   516.159   -28.63   53.44
 205978.893   512.679    -9.46   51.20
 206346.466   529.195    44.93   50.74
 206713.975   519.928   -25.21   38.41
 207081.418   514.698   -14.23   41.11
 207448.795   495.407   -52.50   44.97
 207816.108   484.232   -30.42   43.80
 208183.355   484.141    -0.25   57.77
 208550.537   486.655     6.84   64.47
 208917.654   482.974   -10.02   66.44
 209284.705   467.061   -43.35   60.34
 209651.692   448.833   -49.66   52.93
 210018.613   427.929   -56.96   49.92
 210385.470   406.363   -58.78   62.24
 210752.261   373.646   -89.18   70.28
 211118.988   336.805  -100.44   50.04
 211485.649   313.167   -64.46   23.16
 211865.083   306.125   -18.56   15.42
 212245.167   308.614     6.55   16.33
 212625.181   318.494    25.99   25.05
 213005.125   324.614    16.11   31.25
 213384.998   326.154     4.05   32.79
 213764.801   316.280   -25.99   24.24
 214144.534   307.474   -23.19   11.44
 214524.197   306.929    -1.44    8.13
 214903.789   309.924     7.89    9.81
 215283.311   319.119    24.22   19.13
 215662.763   328.060    23.56   23.43
 216042.145   338.988    28.80   28.58
 216421.457   352.537    35.71   33.93
 216800.699   364.732    32.15   37.07
 217179.871   390.321    67.48   38.56
 217558.973   404.963    38.62   31.21
 217938.005   409.395    11.69   26.12
 218316.967   420.198    28.50   37.36
 218695.859   424.598    11.61   40.37
 219074.682   433.615    23.80   38.23
 219453.435   438.301    12.37   34.20
 219832.118   434.679    -9.56   38.66
 220210.731   441.171    17.14   41.84
 220589.275   450.671    25.09   43.33
 220967.749   458.821    21.53   41.04
 221346.154   468.278    24.99   38.13
 221724.489   471.988     9.80   37.19
 222102.755   470.085    -5.03   36.86
 222480.951   461.470   -22.78   36.42
 222859.078   451.000   -27.68   33.12
 223237.136   446.512   -11.87   34.87
 223615.124   450.519    10.60   42.50
 223993.043   471.793    56.28   49.85
 224370.892   494.446    59.94   48.19
 224748.673   493.675    -2.04   49.67
 225126.384   465.691   -74.07   53.33
 225504.026   434.238   -83.28   49.40
 225881.599   414.929   -51.13   34.99
 226259.103   415.385     1.21   37.69
 226636.538   433.805    48.79   46.62
 227013.904   457.211    62.01   41.30
 227391.201   476.805    51.92   36.37
 227768.430   490.590    36.54   35.92
 228145.589   484.643   -15.76   36.97
 228522.679   468.679   -42.33   30.98
 228899.701   468.494    -0.49   33.27
 229276.654   485.329    44.65   49.13
 229653.538   510.571    66.96   63.68
 230030.354   536.481    68.75   57.90
 230407.101   547.072    28.11   46.13
 230783.779   557.659    28.10   46.40
 231160.389   579.293    57.43   52.63
 231536.930   615.145    95.20   63.21
 231913.402   658.268   114.53   60.26
 232289.807   669.452    29.71   62.13
 232666.143   658.861   -28.14   79.57
 233042.410   622.857   -95.67   89.80
 233418.609   583.756  -103.92   77.26
 233794.740   539.827  -116.77   68.30
 234170.802   517.215   -60.12   71.56
 234546.797   503.083   -37.58   55.07
 234922.723   487.562   -41.28   32.44
 235298.581   463.378   -64.33   51.39
 235674.371   424.844  -102.52   71.89
 236050.092   383.494  -110.03   65.05
 236425.746   350.667   -87.37   29.37
 236801.332   349.867    -2.13   24.65
 237176.849   362.805    34.45   35.91
 237552.299   385.560    60.59   42.97
 237927.681   405.338    52.68   38.45
 238302.995   419.580    37.94   34.57
 238678.241   429.050    25.23   33.51
 239053.420   446.226    45.77   35.05
 239428.530   477.734    83.98   44.72
 239803.573   504.617    71.67   53.97
 240178.549   536.688    85.51   59.77
 240553.456   556.964    54.07   53.36
 240928.296   568.873    31.77   44.59
 241303.069   562.786   -16.24   44.14
 241677.774   542.037   -55.36   55.75
 242052.411   510.841   -83.25   57.21
 242426.981   475.866   -93.36   52.59
 242801.484   444.573   -83.54   56.51
 243175.919   412.866   -84.66   61.59
 243550.286   382.159   -82.01   46.96
 243924.587   368.488   -36.52   33.33
 244298.820   377.123    23.07   43.47
 244672.986   385.049    21.18   48.08
 245047.085   386.198     3.07   55.22
 245421.117   379.831   -17.02   70.47
 245795.081   364.976   -39.72   74.66
 246168.979   341.476   -62.84   71.07
 246542.809   324.852   -44.46   58.83
 246916.572   313.700   -29.83   48.18
 247290.269   318.864    13.82   58.62
 247663.898   320.549     4.51   55.01
 248037.460   320.284    -0.71   44.95
 248410.956   325.642    14.34   49.92
 248784.385   334.272    23.10   58.07
 249157.747   354.131    53.18   73.92
 249531.042   361.861    20.70   76.00
 249904.270   360.817    -2.80   70.03
 250277.432   359.380    -3.85   68.91
 250650.527   353.543   -15.64   64.81
 251023.556   340.076   -36.10   61.47
 251396.517   331.024   -24.27   56.31
 251769.413   321.772   -24.81   48.59
 252142.242   315.111   -17.86   43.19
 252515.004   308.617   -17.42   43.59
 252887.700   303.506   -13.71   45.79
 253260.329   295.462   -21.58   44.28
 253632.892   280.222   -40.90   31.76
 254005.389   272.139   -21.70   19.23
 254377.819   266.440   -15.30   13.05
 254750.184   267.190     2.01   16.85
 255122.481   269.012     4.89   20.90
 255494.713   266.654    -6.33   24.48
 255866.879   261.159   -14.76   25.29
 256238.978   253.718   -19.99   19.24
 256611.011   247.905   -15.62   10.33
 256982.979   247.718    -0.50    5.61
 257354.880   253.346    15.13    8.51
 257726.715   261.288    21.35   12.43
 258098.485   267.795    17.50   12.42
 258470.188   268.525     1.96   14.49
 258841.825   261.185   -19.75   14.59
 259213.397   255.051   -16.50    9.35
 259584.903   257.929     7.74   13.78
 259956.343   264.266    17.06   16.71
 260327.717   277.481    35.58   17.52
 260699.026   288.013    28.36   14.21
 261070.269   293.247    14.10   10.30
 261441.446   294.608     3.67    9.47
 261812.558   292.000    -7.02   11.34
 262183.604   288.525    -9.36   12.93
 262554.585   286.837    -4.55   13.30
 262925.500   289.741     7.83   16.59
 263296.350   294.869    13.83   18.27
 263667.134   303.850    24.22   20.73
 264037.853   312.432    23.14   22.73
 264408.506   322.587    27.39   30.17
 264779.094   337.181    39.37   47.06
 265149.617   348.456    30.42   54.35
 265520.075   352.518    10.96   48.33
 265890.467   354.400     5.08   41.49
 266260.794   362.741    22.52   41.02
 266631.056   384.160    57.84   46.63
 267001.253   428.000   118.40   60.06
 267371.385   479.383   138.79   76.91
 267741.452   550.050   190.92   93.54
 268111.454   590.938   110.48   89.25
 268481.391   614.476    63.61   86.91
 268851.263   607.244   -19.55   81.18
 269221.070   598.370   -23.99   80.89
 269590.812   603.218    13.11   83.72
 269960.489   624.568    57.74   99.58
 270330.101   625.134     1.53  106.97
 270699.649   579.732  -122.83  121.13
 271069.132   541.398  -103.73  109.52
 271438.550   508.177   -89.91   66.69
 271807.904   509.220     2.82   61.08
 272177.193   528.873    53.21   51.33
 272546.417   523.542   -14.44   42.28
 272915.577   506.613   -45.85   37.80
 273284.672   482.688   -64.81   38.10
 273653.703   455.383   -73.97   38.76
 274022.669   433.482   -59.34   31.98
 274391.571   425.506   -21.62   27.33
 274760.408   434.383    24.06   35.23
 275129.181   435.766     3.75   40.13
 275497.890   407.280   -77.24   59.32
 275866.535   369.429  -102.66   61.66
 276235.115   329.049  -109.53   38.54
 276603.631   306.250   -61.85   14.67
 276972.083   298.463   -21.13    8.27
 277340.470   294.895    -9.69    4.10
 277708.794   294.738    -0.43    4.60
 278077.053   295.195     1.24    4.75
 278445.248   298.284     8.39    5.16
 278813.380   300.372     5.67    5.72
 279181.447   300.086    -0.78    5.77
 279549.450   299.747    -0.92    5.77
 279917.390   300.183     1.18    6.05
 280285.265   300.914     1.99    5.38
 280653.077   304.900    10.84    5.65
 281020.825   310.111    14.17    7.96
 281388.509   313.346     8.80    7.89
 281756.129   318.659    14.45    8.26
 282123.686   328.185    25.91   13.71
 282491.178   337.525    25.41   16.73
 282858.608   354.148    45.23   18.95
 283225.973   371.469    47.14   20.67
 283593.275   386.363    40.54   20.01
 283960.514   397.346    29.90   17.30
 284327.689   406.218    24.16   12.69
 284694.800   409.099     7.85   14.55
 285061.848   407.231    -5.09   18.11
 285428.832   401.134   -16.61   19.06
 285795.754   392.640   -23.14   14.37
 286162.611   388.000   -12.65   11.80
 286539.000   387.697    -0.80   12.05
 286918.937   381.061   -17.46   13.62
 287298.806   377.354    -9.76   13.13
 287678.606   378.049     1.83   14.13
 288058.337   381.410     8.85   15.69
 288438.000   387.988    17.32   15.95
 288817.594   391.549     9.38   15.82
 289197.120   398.099    17.25   16.17
 289576.578   408.296    26.87   19.65
 289955.967   417.808    25.06   22.79
 290335.288   435.272    46.03   23.67
 290714.541   447.987    33.52   18.23
 291093.726   454.183    16.34   15.63
 291472.843   456.263     5.49   16.93
 291851.891   457.370     2.92   22.57
 292230.871   455.623    -4.61   30.78
 292609.784   450.951   -12.33   31.31
 292988.628   448.633    -6.12   29.97
 293367.404   446.561    -5.47   27.64
 293746.112   442.696   -10.20   27.43
 294124.753   449.075    16.84   30.63
 294503.325   464.284    40.16   36.61
 294881.830   484.716    53.97   51.97
 295260.267   517.963    87.83   76.43
 295638.636   533.449    40.92   87.06
 296016.938   534.825     3.64   95.97
 296395.171   529.818   -13.23  102.49
 296773.337   505.110   -65.32  114.07
 297151.436   482.697   -59.26  118.40
 297529.467   449.854   -86.86  102.90
 297907.430   405.250  -117.98   74.42
 298285.326   372.593   -86.40   55.82
 298663.154   367.873   -12.49   62.19
 299040.915   374.289    16.98   80.09
 299418.609   380.725    17.04   98.98
 299796.235   371.837   -23.53  109.70
 300173.794   346.346   -67.50  118.38
 300551.286   319.716   -70.53  114.96
 300928.710   293.025   -70.70  106.83
 301306.067   268.775   -64.25  108.44
 301683.357   223.912  -118.88   78.94
 302060.580   182.013  -111.05   56.25
 302437.735   149.642   -85.81   33.82
 302814.824   143.500   -16.28   31.59
 303191.846   187.975   117.93   88.91
 303568.800   246.280   154.64  111.17
 303945.688   323.780   205.58  138.94
 304322.508   367.824   116.85  136.46
 304699.262   383.210    40.83  131.02
 305075.949   381.711    -3.98  115.62
 305452.569   356.134   -67.89   91.99
 305829.123   357.065     2.47   77.16
 306205.609   359.812     7.30   72.75
 306582.029   400.667   108.51   92.13
 306958.382   468.716   180.77  108.15
 307334.669   536.587   180.33  116.35
 307710.889   589.100   139.54  115.61
 308087.042   618.615    78.45  116.35
 308463.129   597.000   -57.46  125.73
 308839.149   580.768   -43.16  114.93
 309215.103   576.975   -10.09  107.23
 309590.990   630.704   142.90  157.96
 309966.811   689.443   156.26  160.41
 310342.566   746.675   152.27  118.79
 310718.254   766.231    52.04   87.54
 311093.876   741.012   -67.12   82.34
 311469.432   680.013  -162.38  105.15
 311844.922   585.585  -251.41  141.25
 312220.345   490.026  -254.47  134.46
 312595.702   396.195  -249.91  106.57
 312970.994   326.026  -186.92   50.80
 313346.219   283.550  -113.17   47.95
 313721.378   257.645   -69.03   43.55
 314096.471   238.148   -51.96   35.10
 314471.498   225.813   -32.88   27.54
 314846.459   219.293   -17.39   28.30
 315221.354   217.218    -5.53   33.52
 315596.183   211.378   -15.58   31.29
 315970.947   205.208   -16.46   28.80
 316345.644   203.700    -4.02   25.67
