-217135.175   239.688     0.00  104.53
-216756.086   250.904    29.58  109.57
-216376.926   206.773  -116.37  101.41
-215997.697   169.971   -97.03   89.00
-215618.397   149.195   -54.76   82.69
-215239.027   151.598     6.33   98.71
-214859.586   174.702    60.88  123.89
-214480.076   177.537     7.47  123.49
-214100.494   181.037     9.22  116.52
-213720.843   179.699    -3.52  101.72
-213341.121   175.951    -9.87   98.36
-212961.328   192.214    42.81  127.72
-212581.465   212.171    52.53  153.28
-212201.532   221.741    25.18  160.59
-211821.527   231.810    26.49  170.30
-211441.452   225.429   -16.79  170.73
-211069.687   223.462    -5.29  176.65
-210703.082   211.890   -31.56  165.20
-210336.412   189.075   -62.21  141.99
-209969.676   164.244   -67.70  110.47
-209602.876   161.614    -7.17   89.55
-209236.010   194.744    90.29  117.07
-208869.079   262.159   183.70  167.92
-208502.083   317.366   150.41  174.69
-208135.022   320.639     8.91  164.15
-207767.895   277.181  -118.35  152.67
-207400.703   215.659  -167.52  137.49
-207033.445   144.198  -194.55   71.03
-206666.122   111.610   -88.70   35.72
-206298.733    96.561   -40.95   12.19
-205931.279    97.471     2.48   11.72
-205563.759   105.797    22.65   25.90
-205196.174   132.451    72.50   68.04
-204828.523   163.397    84.16   99.05
-204460.806   185.729    60.72   99.94
-204093.024   207.756    59.88   84.79
-203725.176   213.622    15.94   63.78
-203357.262   213.449    -0.47   55.08
-202989.282   210.835    -7.10   50.45
-202621.237   213.938     8.43   55.44
-202253.125   236.160    60.36   83.24
-201884.948   292.675   153.47  114.42
-201516.705   336.250   118.31  109.07
-201148.395   364.160    75.77  104.91
-200780.020   409.726   123.67  124.25
-200411.579   465.157   150.42  143.29
-200043.071   558.157   252.33  139.11
-199674.498   618.378   163.36  111.26
-199305.858   658.845   109.76   92.54
-198937.152   662.060     8.72  109.71
-198568.380   633.827   -76.55  130.25
-198199.541   573.810  -162.70  138.78
-197830.636   498.000  -205.47  130.64
-197461.665   442.554  -150.25  104.88
-197092.628   427.405   -41.04  104.71
-196723.524   459.917    88.07  130.16
-196354.353   504.975   122.03  120.73
-195985.117   514.048    24.57   96.61
-195615.813   500.308   -37.20   80.97
-195246.443   443.819  -152.91   78.53
-194877.007   380.000  -172.72   70.31
-194507.503   321.542  -158.18   70.17
-194137.934   276.179  -122.73   53.50
-193768.297   264.756   -30.90   54.84
-193398.594   256.269   -22.95   66.04
-193028.824   256.424     0.42   73.85
-192658.987   252.608   -10.32   83.09
-192289.083   237.622   -40.51   85.94
-191919.112   220.099   -47.36   87.13
-191549.075   197.058   -62.26   70.59
-191178.970   177.123   -53.85   51.40
-190808.799   169.036   -21.84   39.59
-190438.560   173.458    11.94   55.25
-190068.254   211.341   102.29  106.60
-189697.882   238.296    72.77  133.46
-189327.442   246.193    21.31  140.81
-188956.935   221.659   -66.21  122.81
-188586.360   188.928   -88.31   84.71
-188215.719   166.756   -59.81   48.32
-187845.010   167.186     1.16   55.46
-187474.234   168.402     3.28   65.54
-187103.390   172.867    12.04   76.70
-186732.480   167.036   -15.72   77.45
-186361.501   152.140   -40.15   61.34
-185990.455   139.354   -34.45   43.54
-185619.342   135.902    -9.30   36.54
-185248.161   138.619     7.32   43.69
-184876.913   142.631    10.80   53.11
-184505.597   145.253     7.06   53.06
-184134.213   150.309    13.61   50.01
-183762.761   154.880    12.30   56.25
-183391.242   168.610    36.95   72.68
-183019.655   184.643    43.14   90.59
-182648.001   199.927    41.12   94.08
-182276.278   201.585     4.46   84.97
-181904.488   202.085     1.34   69.62
-181532.629   199.800    -6.14   56.93
-181160.703   197.289    -6.75   48.24
-180788.709   194.659    -7.07   42.27
-180416.646   200.568    15.88   40.78
-180044.516   198.907    -4.46   42.90
-179672.317   196.585    -6.24   46.04
-179300.051   186.750   -26.42   49.26
-178927.716   172.790   -37.49   47.26
-178555.313   154.558   -48.95   31.87
-178182.842   141.253   -35.72   15.83
-177810.302   132.964   -22.25    8.23
-177437.694   123.013   -26.70   12.77
-177065.018   113.607   -25.23   14.19
-176692.273   105.337   -22.18   11.04
-176319.460   100.624   -12.64    4.47
-175946.578    99.802    -2.20    2.64
-175573.628    99.771    -0.08    2.61
-175200.610    99.049    -1.93    0.35
-174827.522    99.000    -0.13    0.00
-174454.366    99.568     1.52    2.50
-174081.142   102.415     7.63    6.94
-173707.849   108.390    16.01   14.98
-173334.487   115.977    20.32   22.10
-172961.056   120.951    13.32   24.13
-172587.556   117.695    -8.72   23.84
-172213.988   110.556   -19.11   18.69
-171840.350   103.070   -20.03    9.91
-171466.644    99.463    -9.65    2.40
-171092.869    99.000    -1.24    0.00
-170719.024    99.000     0.00    0.00
-170345.111    99.000     0.00    0.00
-169971.129    99.000     0.00    0.00
-169597.077    99.512     1.37    2.71
-169222.956   101.037     4.08    5.86
-168848.767   101.524     1.30    6.80
-168474.507   102.576     2.81    7.37
-168100.179   106.894    11.53   11.29
-167725.781   113.889    18.68   14.41
-167351.314   115.224     3.56   15.35
-166976.778   113.190    -5.43   16.83
-166602.172   108.940   -11.35   15.41
-166227.496   105.284    -9.76   12.24
-165852.752   106.524     3.31    9.55
-165477.937   106.159    -0.97    6.92
-165103.053   105.892    -0.71    8.44
-164728.099   107.893     5.34   10.25
-164353.076   109.583     4.51   10.40
-163977.983   112.904     8.85   10.91
-163602.820   115.378     6.59   13.72
-163227.588   118.851     9.25   17.12
-162852.286   120.651     4.80   17.03
-162476.913   122.916     6.03   14.21
-162101.471   122.735    -0.48    9.19
-161725.959   121.529    -3.21    7.05
-161350.377   119.358    -5.78    7.50
-160974.725   119.012    -0.92   13.92
-160599.003   123.329    11.49   35.17
-160223.211   128.440    13.60   52.23
-159847.349   132.790    11.57   64.24
-159471.416   146.819    37.31   81.14
-159095.414   164.542    47.13  106.66
-158719.341   167.212     7.10  104.43
-158343.197   158.637   -22.79   92.19
-157966.984   131.663   -71.69   63.12
-157590.700   112.278   -51.51   40.13
-157214.346    98.729   -36.00   25.29
-156837.921    92.722   -15.96   20.16
-156461.426    91.964    -2.01   16.89
-156084.860   100.838    23.56   17.57
-155708.224   110.388    25.35   21.12
-155331.517   124.575    37.66   26.68
-154954.739   132.558    21.19   26.46
-154577.891   132.963     1.07   23.94
-154200.972   123.824   -24.24   22.30
-153823.982   107.831   -42.42   18.14
-153446.922    95.151   -33.62   14.14
-153069.790    86.049   -24.13    9.96
-152692.588    81.119   -13.07    6.51
-152315.315    78.301    -7.47    6.52
-151937.971    75.904    -6.35    8.82
-151560.556    74.143    -4.66    9.02
-151183.070    71.931    -5.86    6.97
-150805.512    69.880    -5.43    2.48
-150427.884    70.277     1.05    2.19
-150050.185    71.151     2.31    3.07
-149672.414    72.036     2.34    3.79
-149294.572    73.024     2.61    3.99
-148916.659    73.446     1.12    3.69
-148538.674    73.988     1.43    3.06
-148160.618    74.444     1.21    2.57
-147782.491    73.941    -1.33    3.60
-147404.292    72.338    -4.24    4.62
-147026.022    70.788    -4.10    4.49
-146647.680    68.654    -5.64    5.62
-146269.267    65.105    -9.38    5.72
-145890.782    63.358    -4.61    5.18
-145512.225    65.128     4.67    7.28
-145133.597    67.679     6.74    7.23
-144754.897    69.341     4.39    5.97
-144376.125    68.098    -3.28    6.52
-143997.282    64.176   -10.35    6.18
-143618.366    63.247    -2.45    7.09
-143239.379    65.929     7.08    9.75
-142860.320    69.289     8.86    9.99
-142481.189    72.627     8.80    8.48
-142101.985    75.279     6.99    5.20
-141722.710    74.000    -3.37    4.74
-141343.363    72.706    -3.41    4.10
-140963.943    72.244    -1.22    4.02
-140584.452    72.082    -0.43    3.57
-140204.888    73.198     2.94    4.02
-139825.252    76.512     8.73    3.96
-139445.543    79.287     7.31    4.14
-139065.763    82.200     7.67    4.58
-138685.910    85.772     9.40    3.96
-138305.984    87.277     3.96    4.28
-137925.986    85.427    -4.87    6.49
-137545.916    82.140    -8.65    7.56
-137165.773    79.779    -6.21    6.01
-136785.557    79.565    -0.56    5.91
-136409.623    82.253     7.15    6.33
-136043.225    85.306     8.33    6.58
-135676.760    89.326    10.97    7.55
-135310.228    91.230     5.19    8.05
-134943.630    90.000    -3.35   11.20
-134576.965    85.321   -12.76   12.57
-134210.233    81.350   -10.83   10.88
-133843.434    81.318    -0.09    8.98
-133476.568    85.074    10.24   10.31
-133109.635    89.756    12.76    9.48
-132742.635    92.578     7.69    7.34
-132375.568    91.256    -3.60    6.59
-132008.434    88.624    -7.17    6.58
-131641.233    84.512   -11.20    7.28
-131273.965    79.699   -13.10    8.38
-130906.629    72.644   -19.20    8.58
-130539.227    68.131   -12.28    7.37
-130171.757    65.561    -6.99    6.15
-129804.219    66.345     2.13    5.62
-129436.615    70.659    11.73    9.11
-129068.943    77.897    19.68   11.87
-128701.204    84.878    18.98   10.77
-128333.397    88.256     9.18    8.12
-127965.523    88.425     0.46    7.02
-127597.581    83.182   -14.25    7.41
-127229.571    78.662   -12.28    5.32
-126861.494    79.558     2.43    7.79
-126493.350    85.259    15.48   13.92
-126125.138    94.333    24.64   16.14
-125756.858   107.634    36.11   15.76
-125388.510   117.674    27.25   11.67
-125020.094   120.523     7.73    9.80
-124651.611   118.529    -5.41   11.52
-124283.060   112.964   -15.10   12.42
-123914.441   106.765   -16.82    8.26
-123545.754   104.244    -6.84    7.12
-123176.999   104.916     1.82    8.00
-122808.176   107.151     6.06    9.40
-122439.285   109.570     6.56   10.66
-122070.326   109.500    -0.19   10.83
-121701.298   111.085     4.30    9.39
-121332.203   111.726     1.74    8.99
-120963.039   114.123     6.49    9.81
-120593.807   117.000     7.79    8.96
-120224.507   117.630     1.70    7.88
-119855.139   112.432   -14.07    9.51
-119485.702   106.737   -15.41    9.94
-119116.197   100.632   -16.52    9.43
-118746.623    93.198   -20.11    7.88
-118376.981    88.736   -12.07    8.37
-118007.271    83.481   -14.21    8.15
-117637.492    76.012   -20.20   11.29
-117267.644    69.293   -18.17   10.86
-116897.728    63.593   -15.41    8.21
-116527.743    59.849   -10.12    5.59
-116157.689    59.365    -1.31    5.11
-115787.567    58.590    -2.09    8.34
-115417.376    53.345   -14.17   12.40
-115047.116    47.012   -17.10   12.96
-114676.787    42.488   -12.21    9.82
-114306.390    39.299    -8.61    8.48
-113935.923    37.558    -4.70   10.14
-113565.388    36.783    -2.09   10.16
-113194.783    35.235    -4.18    9.81
-112824.110    34.871    -0.98    8.47
-112453.367    34.446    -1.15    7.40
-112082.555    34.140    -0.83    8.37
-111711.675    34.942     2.16    9.85
-111340.724    36.103     3.13   10.03
-110969.705    38.122     5.44   10.14
-110598.617    35.345    -7.48   10.01
-110227.459    32.301    -8.20    9.46
-109856.232    31.535    -2.06    8.22
-109484.935    32.940     3.79    7.46
-109113.569    34.942     5.39    6.68
-108742.134    36.913     5.31    4.87
-108370.629    37.106     0.52    4.60
-107999.054    36.413    -1.87    5.24
-107627.410    35.558    -2.30    4.97
-107255.696    36.050     1.32    5.26
-106883.913    37.864     4.88    6.64
-106512.060    38.812     2.55    7.75
-106140.137    39.430     1.66    7.00
-105768.145    35.012   -11.88   10.99
-105396.082    25.706   -25.01   14.13
-105023.950    18.630   -19.01   11.04
-104651.748    16.407    -5.97    9.37
-104279.476    16.475     0.18    9.01
-103907.134    16.209    -0.71    6.85
-103534.722    16.963     2.02    5.27
-103162.240    17.759     2.13    4.26
-102789.688    17.549    -0.56    4.30
-102417.065    17.430    -0.32    4.78
-102044.373    17.036    -1.06    4.77
-101671.610    17.198     0.43    4.56
-101298.778    18.095     2.41    5.52
-100925.874    21.080     8.00    6.31
-100552.901    23.012     5.18    5.31
-100179.857    22.407    -1.62    5.33
 -99806.743    20.759    -4.42    4.97
 -99433.558    17.736    -8.10    4.42
 -99060.303    14.453    -8.79    4.74
 -98686.977    10.581   -10.37    6.13
 -98313.581     8.482    -5.62    5.23
 -97940.114     6.837    -4.40    3.90
 -97566.577     6.482    -0.95    3.55
 -97192.968     5.884    -1.60    3.03
 -96819.290     5.035    -2.27    3.05
 -96445.540     4.632    -1.08    2.58
 -96071.719     4.108    -1.40    2.89
 -95697.828     3.709    -1.07    3.01
 -95323.866     2.361    -3.60    2.53
 -94949.833     1.437    -2.47    1.95
 -94575.729     1.430    -0.02    1.90
 -94201.554     1.395    -0.09    1.87
 -93827.308     1.451     0.15    1.89
 -93452.990     1.163    -0.77    1.92
 -93078.602     0.928    -0.63    1.70
 -92704.143     0.828    -0.27    1.54
 -92329.612     0.826    -0.01    1.53
 -91955.010     0.437    -1.04    1.09
 -91580.337     0.561     0.33    1.23
 -91205.592     1.129     1.52    1.76
 -90830.776     2.867     4.64    3.58
 -90455.889     6.759    10.38    6.30
 -90080.930    11.718    13.22    7.97
 -89705.900    18.651    18.49    9.25
 -89330.798    24.690    16.10    8.67
 -88955.625    28.081     9.04    5.48
 -88580.380    29.277     3.19    4.70
 -88205.063    27.966    -3.49    5.05
 -87829.675    25.373    -6.90    5.09
 -87454.215    24.605    -2.05    4.47
 -87078.683    24.049    -1.48    3.08
 -86703.079    23.244    -2.14    2.50
 -86327.404    21.951    -3.44    2.39
 -85951.657    21.872    -0.21    2.26
 -85575.837    22.395     1.39    2.81
 -85199.946    24.115     4.58    3.26
 -84823.983    25.889     4.72    2.90
 -84447.947    26.851     2.56    2.83
 -84071.840    26.549    -0.80    4.24
 -83695.660    23.988    -6.81    6.98
 -83319.408    20.222   -10.01    8.96
 -82943.084    16.170   -10.77    7.61
 -82566.688    13.074    -8.23    5.01
 -82190.219    11.908    -3.10    3.68
 -81813.678    11.500    -1.08    3.32
 -81437.065    10.080    -3.77    3.16
 -81060.379     7.810    -6.03    3.59
 -80683.621     6.310    -3.98    3.17
 -80306.790     5.405    -2.40    2.57
 -79929.887     5.326    -0.21    2.41
 -79552.911     5.131    -0.52    2.67
 -79175.862     5.793     1.76    2.74
 -78798.741     5.442    -0.93    2.90
 -78421.547     4.558    -2.34    2.70
 -78044.280     3.917    -1.70    2.58
 -77666.941     3.648    -0.71    2.28
 -77289.528     3.989     0.90    2.26
 -76912.043     3.835    -0.41    2.21
 -76534.485     4.034     0.53    1.87
 -76156.854     4.024    -0.03    1.69
 -75779.149     3.965    -0.16    1.54
 -75401.372     3.628    -0.89    1.59
 -75023.522     3.553    -0.20    1.54
 -74645.598     3.302    -0.66    1.49
 -74267.602     3.218    -0.22    1.54
 -73889.532     3.133    -0.23    1.85
 -73511.388     2.851    -0.75    2.00
 -73133.172     2.750    -0.27    2.07
 -72754.882     3.356     1.60    2.54
 -72376.519     4.317     2.54    2.99
 -71998.082     5.000     1.80    2.93
 -71619.572     5.268     0.71    2.59
 -71240.988     6.170     2.38    2.95
 -70862.331     6.512     0.90    3.09
 -70483.600     6.047    -1.23    2.92
 -70104.795     5.358    -1.82    2.65
 -69725.917     5.494     0.36    3.12
 -69346.965     5.548     0.14    3.32
 -68967.939     5.839     0.77    2.96
 -68588.839     6.035     0.52    2.52
 -68209.666     6.241     0.54    2.48
 -67830.418     6.000    -0.64    2.59
 -67451.097     5.267    -1.93    2.72
 -67071.702     4.353    -2.41    1.95
 -66692.232     4.682     0.87    2.01
 -66312.689     4.659    -0.06    2.09
 -65933.071     4.874     0.57    2.39
 -65553.380     5.437     1.48    2.60
 -65173.614     4.988    -1.18    2.46
 -64793.773     4.437    -1.45    1.96
 -64413.859     4.214    -0.59    1.77
 -64033.870     3.977    -0.62    1.50
 -63653.807     3.683    -0.77    1.62
 -63273.669     3.591    -0.24    1.63
 -62893.457     3.317    -0.72    1.68
 -62513.170     3.455     0.36    1.55
 -62132.809     3.864     1.08    1.46
 -61752.373     3.862    -0.01    1.68
 -61386.165     3.975     0.31    1.89
 -61019.912     4.102     0.35    1.88
 -60653.591     3.815    -0.78    1.82
 -60287.202     4.213     1.09    1.86
 -59920.744     4.718     1.38    2.36
 -59554.217     5.420     1.92    2.53
 -59187.622     6.256     2.28    2.71
 -58820.959     8.282     5.53    3.34
 -58454.227    10.736     6.69    3.83
 -58087.426    12.651     5.22    2.86
 -57720.556    14.151     4.09    2.59
 -57353.618    16.070     5.23    2.39
 -56986.611    17.023     2.60    2.61
 -56619.535    18.325     3.55    2.73
 -56252.390    19.409     2.95    2.48
 -55885.177    19.927     1.41    2.57
 -55517.894    20.506     1.58    2.59
 -55150.543    20.268    -0.65    2.78
 -54783.122    20.364     0.26    2.61
 -54415.633    20.238    -0.34    2.22
 -54048.074    20.233    -0.02    2.15
 -53680.447    20.779     1.49    2.35
 -53312.750    21.299     1.41    2.81
 -52944.984    22.500     3.27    3.75
 -52577.149    24.711     6.01    4.88
 -52209.244    26.795     5.67    5.57
 -51841.270    28.047     3.40    5.56
 -51473.227    28.874     2.25    5.28
 -51105.114    29.857     2.67    5.15
 -50736.932    32.149     6.23    5.32
 -50368.681    33.889     4.72    5.04
 -50000.360    35.775     5.12    5.00
 -49631.969    38.072     6.24    4.64
 -49263.509    40.448     6.45    4.98
 -48894.980    43.369     7.93    5.47
 -48526.380    46.511     8.52    5.53
 -48157.711    49.035     6.84    5.31
 -47788.972    52.864    10.38    6.19
 -47420.164    58.145    14.32    7.96
 -47051.285    65.326    19.47   10.48
 -46682.337    69.716    11.90   11.90
 -46313.319    70.671     2.59   12.35
 -45944.230    69.636    -2.80   11.63
 -45575.072    68.523    -3.02    8.39
 -45205.844    70.209     4.57    6.03
 -44836.546    71.779     4.25    4.74
 -44467.178    70.557    -3.31    5.68
 -44097.739    67.506    -8.26    5.57
 -43728.231    64.448    -8.27    5.20
 -43358.652    62.390    -5.57    6.37
 -42989.003    61.573    -2.21    6.38
 -42619.283    61.195    -1.02    6.32
 -42249.494    61.046    -0.40    6.57
 -41879.633    61.280     0.63    6.70
 -41509.703    63.545     6.12    8.28
 -41139.702    67.635    11.05   11.18
 -40769.630    73.057    14.65   13.43
 -40399.488    78.226    13.96   16.46
 -40029.276    84.057    15.75   24.64
 -39658.993    87.747     9.97   30.18
 -39288.639    87.057    -1.86   26.39
 -38918.214    85.698    -3.67   19.05
 -38547.719    88.430     7.38   15.96
 -38177.153    98.198    26.36   23.50
 -37806.516   112.000    37.24   25.90
 -37435.808   127.360    41.43   25.70
 -37065.030   145.966    50.18   28.92
 -36694.180   164.057    48.78   33.68
 -36323.259   191.083    72.86   39.25
 -35952.268   226.034    94.21   50.14
 -35581.205   274.306   130.09   64.03
 -35210.071   339.227   174.92   83.35
 -34838.866   415.929   206.62   86.57
 -34467.590   450.136    92.13   75.36
 -34096.243   441.622   -22.93   88.03
 -33724.824   378.865  -168.96  114.43
 -33353.334   300.037  -212.19   95.61
 -32981.773   239.722  -162.32   58.70
 -32610.141   202.988   -98.84   29.83
 -32238.436   179.920   -62.06   23.06
 -31866.661   162.476   -46.92   21.48
 -31494.814   148.466   -37.68   20.54
 -31122.895   135.000   -36.21   16.49
 -30750.905   122.534   -33.51   14.59
 -30378.843   116.282   -16.80   12.49
 -30006.710   119.386     8.34   22.00
 -29634.504   132.012    33.92   34.75
 -29262.227   149.898    48.04   35.63
 -28889.879   159.884    26.82   32.93
 -28517.458   161.614     4.64   36.69
 -28144.966   157.184   -11.89   37.30
 -27772.401   160.841     9.82   42.06
 -27399.765   162.826     5.33   41.68
 -27027.056   169.809    18.74   40.28
 -26654.276   178.216    22.55   37.58
 -26281.423   195.046    45.14   43.54
 -25908.499   217.356    59.82   47.31
 -25535.502   244.023    71.49   36.44
 -25162.433   256.852    34.39   27.05
 -24789.291   259.920     8.22   27.57
 -24416.078   256.153   -10.09   31.01
 -24042.792   252.575    -9.59   39.99
 -23669.433   252.453    -0.32   41.80
 -23296.003   253.534     2.89   38.77
 -22922.499   261.798    22.12   42.36
 -22548.924   275.458    36.57   47.00
 -22175.275   297.607    59.28   48.03
 -21801.554   324.713    72.53   39.74
 -21427.761   341.046    43.70   40.85
 -21053.895   352.209    29.86   41.81
 -20679.956   364.253    32.21   51.17
 -20305.944   387.897    63.22   75.05
 -19931.860   421.898    90.89  103.04
 -19557.702   449.070    72.62  115.48
 -19183.472   434.591   -38.69  119.20
 -18809.169   390.644  -117.41  102.93
 -18434.793   357.299   -89.07   67.23
 -18060.344   338.349   -50.61   29.46
 -17685.822   355.739    46.43   44.05
 -17311.226   391.782    96.22   64.11
 -16936.558   426.989    93.97   82.64
 -16561.816   469.291   112.88  100.49
 -16187.002   492.798    62.72  104.44
 -15812.113   520.012    72.59   95.92
 -15437.152   538.170    48.43   71.20
 -15062.117   540.782     6.96   53.02
 -14687.009   537.466    -8.84   55.36
 -14311.828   524.640   -34.19   59.04
 -13936.572   528.682    10.77   60.53
 -13561.244   552.828    64.33   59.70
 -13185.842   565.886    34.79   49.51
 -12810.366   557.465   -22.43   49.54
 -12434.816   523.398   -90.71   55.77
 -12059.193   479.057  -118.04   46.52
 -11683.496   446.310   -87.16   40.40
 -11307.726   417.907   -75.59   40.43
 -10931.881   404.551   -35.54   38.46
 -10555.963   409.414    12.94   47.70
 -10179.971   428.056    49.58   53.48
  -9803.904   436.632    22.80   47.30
  -9427.764   419.967   -44.31   60.82
  -9051.550   381.184  -103.09   67.20
  -8675.262   339.784  -110.02   58.28
  -8298.899   307.770   -85.06   52.83
  -7922.462   286.506   -56.49   54.81
  -7545.951   264.547   -58.32   56.35
  -7169.366   241.209   -61.97   51.28
  -6792.707   215.852   -67.32   51.81
  -6415.973   190.000   -68.62   47.12
  -6039.165   159.035   -82.18   44.12
  -5662.282   134.539   -64.99   39.45
  -5285.325   108.488   -69.11   32.17
  -4908.294    90.159   -48.61   27.84
  -4531.187    72.562   -46.66   21.98
  -4154.007    60.954   -30.77   18.76
  -3776.751    50.578   -27.50   14.22
  -3399.421    43.932   -17.61   14.08
  -3022.016    37.205   -17.83   14.22
  -2644.536    32.161   -13.36   14.91
  -2266.982    23.102   -23.99   13.87
  -1889.352    14.674   -22.32   11.88
  -1511.648     6.886   -20.62    8.85
  -1133.869     2.012   -12.90    4.31
   -756.015     0.278    -4.59    1.24
   -378.085     0.000    -0.73    0.00
     -0.081     0.000     0.00    0.00
    377.999     0.000     0.00    0.00
    756.153     0.023     0.06    0.15
   1134.383     2.398     6.28    5.71
   1512.689    11.921    25.17   15.80
   1891.069    22.084    26.86   16.43
   2269.525    29.057    18.42   11.63
   2648.057    33.171    10.87    5.40
   3026.663    32.867    -0.80    4.51
   3405.346    35.738     7.58    4.91
   3784.103    40.692    13.08    6.32
   4162.937    45.941    13.86    6.15
   4541.846    51.216    13.92    5.97
   4920.831    55.376    10.98    4.58
   5299.891    57.102     4.55    3.45
   5679.027    57.616     1.36    3.20
   6058.239    57.148    -1.24    3.21
   6437.527    54.839    -6.09    3.30
   6816.891    52.534    -6.08    2.98
   7196.331    50.795    -4.58    3.44
   7575.846    49.300    -3.94    3.61
   7955.438    46.851    -6.45    3.56
   8335.106    44.795    -5.41    3.07
   8714.850    43.517    -3.37    2.37
   9094.670    43.023    -1.30    1.69
   9474.566    42.933    -0.24    1.67
   9854.539    42.805    -0.34    1.45
  10234.588    46.247     9.06    7.12
  10614.713    53.161    18.19   12.45
  10994.915    57.455    11.29   13.15
  11375.193    55.518    -5.09   17.21
  11755.548    44.978   -27.71   19.11
  12135.979    32.843   -31.90    9.81
  12516.487    30.170    -7.02    5.36
  12897.071    30.667     1.30    4.82
  13267.778    30.722     0.15    4.51
  13633.813    30.500    -0.61    4.26
  13999.919    29.433    -2.91    3.11
  14366.095    29.402    -0.08    3.22
  14732.341    30.528     3.07    3.76
  15098.658    32.670     5.85    4.72
  15465.044    34.102     3.91    4.85
  15831.501    34.311     0.57    4.64
  16198.028    34.256    -0.15    4.33
  16564.625    34.593     0.92    3.55
  16931.293    34.860     0.73    2.60
  17298.031    35.586     1.98    2.33
  17664.840    35.854     0.73    2.24
  18031.719    36.416     1.53    2.54
  18398.669    36.536     0.33    2.53
  18765.689    37.393     2.34    2.28
  19132.779    37.552     0.43    2.15
  19499.941    37.326    -0.62    2.41
  19867.173    37.856     1.44    3.08
  20234.476    40.900     8.29    5.90
  20601.850    44.080     8.65    6.12
  20969.294    45.517     3.91    4.93
  21336.809    44.644    -2.37    5.60
  21704.395    42.128    -6.85    5.59
  22072.053    39.593    -6.89    4.45
  22439.781    39.581    -0.03    3.74
  22807.580    39.516    -0.18    3.51
  23175.450    39.259    -0.70    2.96
  23543.391    39.244    -0.04    2.59
  23911.404    39.080    -0.45    2.27
  24279.487    38.169    -2.48    2.05
  24647.642    37.932    -0.64    2.14
  25015.868    37.750    -0.49    2.06
  25384.166    37.000    -2.04    2.46
  25752.534    36.011    -2.68    3.03
  26120.975    35.567    -1.21    2.67
  26489.486    35.326    -0.65    2.50
  26858.069    36.146     2.23    2.39
  27226.724    36.866     1.95    2.30
  27595.450    36.943     0.21    2.56
  27964.248    38.524     4.29    3.44
  28333.117    39.311     2.13    3.69
  28702.058    40.871     4.23    4.41
  29071.071    43.322     6.64    4.23
  29440.155    45.091     4.79    4.62
  29809.311    46.400     3.55    4.39
  30178.540    45.898    -1.36    4.34
  30547.840    46.764     2.35    4.59
  30917.212    49.307     6.88    6.82
  31286.656    53.352    10.95    8.14
  31656.171    56.956     9.75    8.32
  32025.759    61.378    11.97    8.63
  32395.420    66.079    12.72    9.86
  32765.152    71.477    14.60   10.17
  33134.956    76.944    14.78    8.97
  33504.833    80.857    10.58    7.72
  33874.782    84.596    10.11    7.27
  34244.803    87.726     8.46    8.02
  34614.896    93.551    15.74    9.60
  34985.062    99.214    15.30    8.88
  35355.301   102.955    10.10   10.40
  35725.612   108.057    13.78   15.81
  36095.995   115.099    19.01   19.68
  36466.451   122.079    18.84   22.49
  36836.979   116.511   -15.03   25.86
  37207.581   105.315   -30.21   27.23
  37578.254    91.244   -37.96   19.45
  37949.001    85.193   -16.32   10.19
  38319.820    89.477    11.55   14.05
  38690.712    99.045    25.80   18.32
  39061.677   103.633    12.37   16.81
  39432.715   103.189    -1.20   14.20
  39803.826    99.330   -10.40   11.82
  40175.010    94.780   -12.26    9.89
  40546.267    91.966    -7.58   11.52
  40917.597    90.780    -3.19   16.15
  41289.000    89.893    -2.39   19.58
  41660.476    86.157   -10.06   18.74
  42032.026    80.631   -14.87   15.73
  42403.648    76.146   -12.07   11.30
  42775.344    74.169    -5.32    8.34
  43147.113    75.775     4.32   11.48
  43518.956    78.729     7.94   13.68
  43890.872    82.121     9.12   15.58
  44262.862    83.307     3.19   19.02
  44634.925    82.747    -1.50   18.62
  45007.061    80.659    -5.61   18.39
  45379.271    77.122    -9.50   16.81
  45751.555    75.356    -4.75   16.04
  46123.912    75.756     1.07   15.87
  46496.344    80.011    11.43   15.99
  46868.848    84.333    11.60   14.08
  47241.427    87.432     8.32   12.36
  47614.080    88.500     2.87   11.06
  47986.806    88.333    -0.45   12.09
  48359.607    85.824    -6.73   13.74
  48732.481    78.667   -19.20   13.73
  49105.429    72.056   -17.73   12.22
  49478.452    65.571   -17.38    7.74
  49851.548    61.356   -11.30    4.70
  50224.719    59.011    -6.28    3.38
  50597.964    59.069     0.16    3.81
  50971.283    58.711    -0.96    3.85
  51344.677    57.862    -2.27    4.30
  51718.144    56.045    -4.87    5.00
  52091.686    54.000    -5.47    5.28
  52465.303    52.378    -4.34    5.47
  52838.994    51.586    -2.12    5.66
  53212.760    52.304     1.92    5.89
  53586.600    52.310     0.01    6.70
  53960.514    52.901     1.58    7.95
  54334.504    53.174     0.73    9.49
  54708.568    52.315    -2.30    9.84
  55082.706    50.326    -5.32   10.23
  55456.920    46.902    -9.15    8.76
  55831.208    42.964   -10.52    7.94
  56205.571    39.678    -8.78    7.87
  56580.009    36.357    -8.87    9.03
  56954.522    32.253   -10.96    9.47
  57329.110    27.560   -12.53    9.71
  57703.773    22.708   -12.95    8.88
  58078.512    17.726   -13.29    7.66
  58453.325    12.742   -13.30    5.48
  58828.213     9.655    -8.23    3.92
  59203.177     7.533    -5.66    1.32
  59578.216     7.058    -1.27    0.54
  59953.330     7.527     1.25    1.42
  60328.520     8.233     1.88    1.99
  60703.785     8.945     1.90    2.30
  61079.125     9.943     2.66    3.16
  61454.541    11.923     5.28    3.90
  61830.032    14.034     5.62    3.65
  62205.599    16.033     5.32    2.62
  62581.242    17.000     2.57    2.32
  62956.960    16.802    -0.53    2.44
  63332.754    15.966    -2.23    2.57
  63708.624    15.429    -1.43    2.52
  64084.570    15.000    -1.14    2.13
  64460.591    15.176     0.47    1.79
  64836.688    15.047    -0.34    1.78
  65212.862    14.700    -0.92    1.80
  65589.111    14.659    -0.11    2.61
  65965.436    16.921     6.01    5.18
  66341.838    21.153    11.24    9.01
  66718.315    28.078    18.39   11.79
  67094.869    35.698    20.24   11.03
  67471.499    43.696    21.24    9.40
  67848.205    48.989    14.05    6.23
  68224.987    50.912     5.11    5.11
  68601.846    51.977     2.83    4.79
  68978.781    52.462     1.28    4.02
  69355.793    51.540    -2.44    3.84
  69732.881    51.348    -0.51    4.03
  70110.046    51.943     1.58    4.47
  70487.287    54.272     6.17    5.63
  70864.605    58.092    10.13    7.24
  71241.999    66.088    21.19    9.40
  71619.470    72.667    17.43    8.42
  71997.019    76.659    10.58    5.25
  72374.643    79.224     6.79    4.01
  72752.345    82.363     8.31    6.43
  73130.124    87.000    12.28    6.79
  73507.979    91.989    13.20    7.72
  73885.912    94.365     6.29    6.47
  74263.921    92.822    -4.08    6.43
  74642.008    89.095    -9.86    7.50
  75020.172    84.089   -13.24    7.25
  75398.413    80.765    -8.79    5.67
  75776.731    78.396    -6.26    4.61
  76155.127    80.447     5.42    7.04
  76533.600    83.043     6.86    6.81
  76912.150    85.756     7.17    5.98
  77290.778    87.593     4.85    5.16
  77669.483    88.989     3.68    7.41
  78048.265    95.681    17.67   12.02
  78427.126   106.378    28.23   13.15
  78806.063   114.923    22.55   10.83
  79185.079   121.122    16.36    6.08
  79564.172   123.700     6.80    5.47
  79943.343   128.286    12.09    8.31
  80322.592   134.544    16.50   10.41
  80701.918   138.753    11.09    8.30
  81081.323   140.433     4.43    7.88
  81460.805   137.868    -6.76    9.94
  81840.366   133.356   -11.89   12.85
  82220.004   129.478   -10.22   13.55
  82599.720   125.693    -9.97    9.65
  82979.515   125.209    -1.28    7.77
  83359.388   127.000     4.72    7.87
  83739.339   125.901    -2.89    9.41
  84119.368   124.044    -4.89   10.27
  84499.476   121.868    -5.72   10.24
  84879.662   120.667    -3.16   10.00
  85259.926   119.758    -2.39    7.97
  85640.269   123.236     9.14   12.61
  86020.691   130.457    18.98   20.08
  86401.191   140.989    27.68   26.10
  86781.769   147.228    16.40   28.02
  87162.426   149.442     5.82   28.02
  87543.162   147.293    -5.64   24.53
  87918.754   142.872   -11.77   19.59
  88284.566   149.087    16.99   26.46
  88650.450   156.573    20.46   36.55
  89016.405   165.747    25.07   41.27
  89382.432   167.989     6.12   37.16
  89748.532   172.000    10.96   31.07
  90114.703   175.154     8.61   30.68
  90480.946   182.326    19.58   34.00
  90847.260   187.261    13.47   37.80
  91213.647   190.756     9.54   37.44
  91580.106   185.239   -15.06   33.18
  91946.638   178.733   -17.75   26.04
  92313.241   171.882   -18.69   14.27
  92679.916   171.055    -2.25    8.33
  93046.664   174.722    10.00    7.68
  93413.484   179.413    12.79    7.94
  93780.377   185.000    15.23    7.23
  94147.341   189.615    12.58    7.40
  94514.379   194.580    13.53    7.00
  94881.488   199.054    12.19    6.89
  95248.670   204.412    14.59    7.23
  95615.925   209.637    14.23    7.40
  95983.252   215.306    15.43    7.98
  96350.652   221.946    18.07    9.41
  96718.125   230.596    23.54   12.13
  97085.670   249.813    52.29   34.31
  97453.288   274.663    67.60   51.22
  97820.979   306.300    86.05   58.02
  98188.742   333.659    74.40   54.16
  98556.579   351.080    47.36   46.54
  98924.488   358.859    21.14   41.97
  99292.471   378.253    52.71   49.26
  99660.526   404.239    70.61   61.05
 100028.655   435.907    86.03   69.07
 100396.856   484.352   131.58   72.20
 100765.131   536.230   140.88   79.90
 101133.479   598.934   170.24   90.73
 101501.900   626.466    74.73   72.79
 101870.394   621.591   -13.23   78.68
 102238.962   581.844  -107.85   86.66
 102607.603   530.957  -138.05   73.37
 102976.318   491.556  -106.87   65.71
 103345.106   457.264   -92.99   65.15
 103713.967   422.613   -93.95   63.74
 104082.902   395.345   -73.92   46.72
 104451.911   377.087   -49.48   27.68
 104820.993   370.884   -16.81   27.19
 105190.149   388.087    46.61   45.10
 105559.378   425.862   102.32   62.74
 105928.681   471.802   124.41   70.48
 106298.058   498.767    73.01   70.62
 106667.509   512.110    36.12   62.85
 107037.034   495.710   -44.39   70.61
 107406.633   470.484   -68.26   69.60
 107776.306   436.176   -92.81   66.88
 108146.052   401.393   -94.08   61.27
 108515.873   383.793   -47.59   55.92
 108885.768   370.978   -34.65   41.65
 109255.737   359.522   -30.97   30.56
 109625.780   345.632   -37.54   44.26
 109995.898   322.032   -63.77   46.39
 110366.090   305.588   -44.42   33.31
 110736.356   307.391     4.87   34.32
 111106.696   327.360    53.93   52.43
 111477.111   354.435    73.10   59.89
 111847.600   380.258    69.71   54.85
 112218.164   403.000    61.38   52.64
 112588.802   433.544    82.42   68.06
 112959.515   491.141   155.38  102.81
 113330.303   562.868   193.46  120.88
 113701.165   631.692   185.59   97.61
 114072.102   666.750    94.52   77.69
 114443.114   671.562    12.97   86.17
 114814.201   640.076   -84.85   92.76
 115185.362   593.315  -126.00   82.98
 115556.599   544.913  -130.39   61.68
 115927.910   507.678  -100.29   45.55
 116299.296   480.118   -74.21   32.35
 116670.758   461.360   -50.50   20.63
 117042.294   455.582   -15.55   24.03
 117413.906   456.837     3.38   37.20
 117785.592   466.688    26.51   52.39
 118157.354   466.310    -1.02   47.67
 118529.192   472.098    15.57   41.69
 118901.104   495.596    63.19   49.67
 119273.092   530.859    94.80   69.33
 119645.156   574.648   117.70   81.35
 120017.294   595.231    55.31   69.58
 120389.509   579.378   -42.59   80.65
 120761.798   549.337   -80.70   74.70
 121134.164   505.424  -117.94   63.03
 121506.605   464.935  -108.72   55.60
 121879.122   451.109   -37.12   60.91
 122251.714   441.903   -24.71   60.21
 122624.382   465.761    64.02   78.27
 122997.126   496.769    83.20   79.62
 123369.946   512.022    40.91   61.63
 123742.842   505.678   -17.01   64.22
 124115.814   475.656   -80.50   76.66
 124488.861   426.227  -132.51   69.94
 124861.985   383.234  -115.24   58.03
 125235.185   352.793   -81.57   39.35
 125608.461   334.000   -50.35   30.60
 125981.813   325.547   -22.64   27.79
 126355.242   332.430    18.44   42.93
 126728.746   359.529    72.56   66.95
 127102.327   400.667   110.13   79.69
 127475.985   434.236    89.85   69.95
 127849.718   451.793    46.98   45.62
 128223.529   443.856   -21.24   43.68
 128597.415   416.674   -72.71   47.02
 128971.379   387.078   -79.15   39.30
 129345.419   359.283   -74.32   31.72
 129719.535   341.396   -47.82   34.60
 130093.729   322.634   -50.14   35.13
 130467.998   304.322   -48.93   32.96
 130842.345   284.967   -51.71   28.87
 131216.769   274.167   -28.85   25.06
 131591.269   265.330   -23.60   17.82
 131965.847   259.582   -15.35   12.85
 132340.501   257.522    -5.50   12.11
 132715.233   258.696     3.13   13.98
 133090.041   260.452     4.69   15.71
 133464.927   260.593     0.38   15.75
 133839.889   262.742     5.73   14.75
 134214.929   265.780     8.10   12.60
 134590.047   270.613    12.88   14.03
 134965.241   276.242    15.00   13.83
 135340.513   282.108    15.63   12.51
 135715.862   283.478     3.65   10.97
 136091.289   283.538     0.16    9.02
 136466.793   281.761    -4.73    9.45
 136842.375   277.121   -12.36   11.48
 137218.034   268.731   -22.34   15.05
 137593.771   260.978   -20.64   13.51
 137969.586   264.258     8.73   19.22
 138345.478   279.433    40.38   29.64
 138721.449   301.160    57.79   30.85
 139097.497   322.100    55.69   23.11
 139473.622   337.553    41.09   24.80
 139849.826   356.146    49.43   28.01
 140226.108   377.266    56.13   35.64
 140602.468   405.216    74.27   35.58
 140978.906   431.574    70.03   30.38
 141355.422   447.000    40.97   16.18
 141732.016   442.774   -11.22   19.76
 142108.688   421.241   -57.17   33.47
 142485.439   386.903   -91.15   44.51
 142862.268   358.046   -76.59   35.89
 143239.175   336.419   -57.39   25.25
 143616.160   319.977   -43.62   20.62
 143993.225   306.269   -36.36   24.83
 144370.367   286.494   -52.44   23.96
 144747.588   268.043   -48.92   20.58
 145124.888   253.368   -38.90   13.91
 145502.267   241.215   -32.21   13.39
 145879.724   229.977   -29.78   14.18
 146257.259   216.849   -34.78   18.58
 146634.874   204.460   -32.81   15.94
 147012.568   196.606   -20.80   10.17
 147390.340   194.414    -5.80    8.23
 147768.191   198.957    12.03   11.72
 148146.121   205.659    17.74   12.23
 148524.131   211.559    15.61   10.90
 148902.219   216.172    12.20   11.69
 149280.387   220.065    10.29   12.88
 149658.633   219.023    -2.75   12.43
 150036.959   214.500   -11.96   12.18
 150415.365   208.830   -14.99   11.59
 150793.849   204.138   -12.40    9.03
 151172.413   201.933    -5.83    7.77
 151551.056   201.957     0.07    6.02
 151929.779   200.256    -4.49    5.49
 152308.582   197.214    -8.03    5.58
 152687.464   194.500    -7.16    4.83
