# NaN NaN NaN ;Mean Elev.(m), Avg Gradient(m/km), RMS Gradient(m/km) - SRTM1     
#   -9.754 -17.630  37.205 ;Mean Elev.(m), Avg Gradient(m/km), RMS Gradient(m/km) - ASTER GDEM
#    1.094 -17.947  37.000 ;Mean Elev.(m), Avg Gradient(m/km), RMS Gradient(m/km) - GMTED2010 
  7 174.760183  64.632605     1.307     1.292 15 52467.38023991 26.773
  8 174.759020  64.639065     0.244     0.287 12 52502.38023214 45.827
  9 174.767006  64.606882     0.356     0.673  7 52537.38021144 29.330
 10 174.757468  64.630374     0.281     0.329 16 52572.38025392 40.981
 11 174.762116  64.639951     0.247     0.233 12 52607.38021280 24.060
 12 174.763055  64.619010     0.782     0.832 11 52642.38020741 10.435
 13 174.764165  64.638549    45.685    45.438 12 52677.38019649  1.560
 14 174.733761  64.649829    38.238    37.888  5 52712.38023212  2.678
 15 174.743043  64.649615    41.087    40.422  6 52747.38025845  1.226
 16 174.768893  64.605243    27.338    33.494  6 52782.38018930 21.020
 17 174.765708  64.608989     2.475     2.697  8 52817.38026901 27.987
 18 174.764019  64.621580     0.707     0.907 11 52852.38032170 38.747
 20 174.763241  64.639498     0.417     0.416 12 52922.38031397 47.730
 21 174.755858  64.632019     0.945     0.931 17 52957.38027827 23.883
 22 174.757236  64.635956     0.290     0.292 14 52992.38030102 14.291
 23 174.764861  64.645116     0.587     0.553  8 53027.38026808 13.483
 24 174.758767  64.637613     0.678     0.665 12 53062.38027566 12.392
 25 174.747734  64.650755    37.323    37.682  5 53097.38030034  2.255
 26 174.757579  64.638483     0.352     0.481 13 53132.38027304 22.526
 28 174.756740  64.633585     0.862     0.867 16 53202.38034949 48.954
 29 174.764756  64.643515     1.414     1.329 10 53237.38032000 21.537
 30 174.764280  64.612221     0.874     0.789  9 53272.38027135 22.819
 31 174.763508  64.616959     0.480     0.526 10 53307.38033597 26.751
 32 174.760387  64.638330     0.369     0.321 12 53342.38030696 14.819
 34 174.758865  64.637825     3.236     3.198 12 53412.38028252  6.491
 36 174.729451  64.650788    18.909    18.941  3 53482.38035644  4.874
 37 174.757850  64.638293     4.805     5.005 13 53517.38035491 34.360
 38 174.755033  64.633609     1.629     1.485 16 53552.38037505 43.776
 39 174.762547  64.641439     1.041     0.834 11 53587.38032903 40.219
 41 174.763361  64.619283     0.640     0.998 11 53657.38032011 29.258
 42 174.759231  64.637743     0.405     0.423 13 53692.38030806 20.111
 43 174.765709  64.646303     0.715     0.711  8 53727.38023289 15.891
 44 174.756565  64.632935     0.461     0.476 15 53762.38018551 15.309
 45 174.763972  64.643220     0.332     0.314  9 53797.38019888 10.358
 47 174.769369  64.613555    16.308    19.857  7 53867.38025220  1.879
 48 174.757184  64.633408     2.153     2.177 16 53902.38028663 28.598
 49 174.763575  64.616810     1.037     1.336 10 53937.38032113 20.591
 50 174.759255  64.638150     0.707     0.783 12 53972.38028922 37.450
 51 174.763923  64.615613     1.164     1.253 10 54007.38027068 26.771
 52 174.757450  64.633343     0.058     0.060 15 54042.38029883 32.419
 53 174.763134  64.636612    43.705    44.669 10 54077.38029325  1.695
 54 174.757861  64.652474    41.474    41.212  4 54112.38023589  1.600
 56 174.754013  64.654545    41.571    40.894  3 54182.38022433  0.574
 57 174.735087  64.651487    27.540    32.860  3 54217.38024827  5.384
 58 174.755655  64.634910    17.115     8.725 14 54252.38027054 37.829
 59 174.760220  64.637565     0.926     0.908 12 54287.38027563 23.201
 60 174.757400  64.638505     0.744     0.750 13 54322.38027303 30.769
 61 174.763965  64.644943     1.180     1.147  7 54357.38023266 21.229
 62 174.758024  64.634947     0.427     0.449 14 54392.38021281 42.326
 63 174.762357  64.638335     0.318     0.330 12 54427.38018154 21.944
 64 174.757613  64.630086     0.438     0.472 15 54462.38018972 11.689
 65 174.762807  64.637991     0.564     0.603 12 54497.38018964  9.617
 66 174.757787  64.634281     0.631     0.643 15 54532.38020376  9.118
 67 174.764155  64.643485     0.805     0.797  9 54567.38019562  8.102
 68 174.753211  64.637753    36.169    35.685  5 54602.38019994  2.672
 69 174.758535  64.635393     4.675     4.567 14 54637.38021054 42.484
 70 174.758724  64.636629     3.549     3.485 14 54672.38021414 20.750
 71 174.763123  64.641201     0.879     0.582 11 54707.38017437 22.923
 72 174.757249  64.632451     1.030     1.018 15 54742.38017842 44.529
 73 174.761053  64.639631     0.229     0.207 12 54777.38015540 24.651
 74 174.764403  64.619409     0.505     0.474 10 54812.38016934 16.660
 75 174.760597  64.640466     0.414     0.389 12 54847.38015593 12.955
 76 174.755618  64.632771     0.610     0.529 16 54882.38017521 14.591
 77 174.762655  64.642145     0.403     0.318 11 54917.38015899  8.685
 78 174.756437  64.632642     0.539     0.546 15 54952.38016932  7.900
 79 174.756414  64.632231     2.213     2.261 16 54987.38019352 23.981
 80 174.760172  64.638613     6.665     6.689 12 55022.38018690 18.468
 81 174.759938  64.637735     0.774     0.796 12 55057.38018294 49.206
 82 174.763743  64.641639     0.742     0.696 10 55092.38013959 45.877
 83 174.757028  64.634890     0.538     0.530 15 55127.38012222 43.628
 84 174.760073  64.638971     0.659     0.681 12 55162.38010055 23.782
 85 174.764329  64.621005     0.504     0.517 11 55197.38011066 14.810
 86 174.762769  64.640565     0.380     0.356 12 55232.38010460 11.999
 87 174.757900  64.634153     0.358     0.413 15 55267.38010796 12.000
 88 174.763680  64.644178     0.488     0.444  9 55302.38008586  9.301
 89 174.757881  64.637738     8.143     7.878 12 55337.38008306 21.830
 90 174.760140  64.637632     4.294     4.267 12 55372.38007281 42.546
 91 174.758569  64.632618     1.196     0.957 15 55407.38009218 26.590
 92 174.759542  64.638878     0.474     0.511 12 55442.38009214 28.749
 93 174.763667  64.646438     0.717     0.649  8 55477.38003392 42.868
