# NaN NaN NaN ;Mean Elev.(m), Avg Gradient(m/km), RMS Gradient(m/km) - SRTM1     
#    1.744  -0.393   9.035 ;Mean Elev.(m), Avg Gradient(m/km), RMS Gradient(m/km) - ASTER GDEM
#    1.022   0.532   5.728 ;Mean Elev.(m), Avg Gradient(m/km), RMS Gradient(m/km) - GMTED2010 
  8     0.476 52491.98034038 35.52 175.588457  64.757293 11.573
  8     0.185 52491.98034103 43.51 175.585527  64.754183 11.573
  8     0.260 52491.98034167 34.36 175.582607  64.751073 11.573
  8     0.055 52491.98034232 26.57 175.579677  64.747963 11.573
  8    -0.331 52491.98034296 23.14 175.576757  64.744853 11.573
 10    28.759 52561.98036713  7.18 175.601956  64.769530  5.379
 10    26.937 52561.98036777  7.38 175.599026  64.766410  5.379
 10    25.958 52561.98036842  7.04 175.596096  64.763310  5.379
 10    23.923 52561.98036906  7.31 175.593166  64.760200  5.379
 10    21.922 52561.98036971  6.78 175.590236  64.757090  5.379
 10    20.310 52561.98037035  6.23 175.587306  64.753980  5.379
 12    41.653 52631.98032314  2.01 175.604869  64.771568  1.706
 12    40.488 52631.98032379  1.81 175.601939  64.768458  1.706
 12    40.241 52631.98032443  1.89 175.598999  64.765348  1.706
 12    38.940 52631.98032508  2.11 175.596069  64.762238  1.706
 12    38.466 52631.98032572  2.17 175.593139  64.759128  1.706
 12    36.260 52631.98032637  2.31 175.590209  64.756028  1.706
 12    35.891 52631.98032701  2.32 175.587279  64.752908  1.706
 12    35.076 52631.98032766  2.15 175.584359  64.749808  1.706
 12    35.227 52631.98032830  2.24 175.581429  64.746688  1.706
 12    39.768 52631.98032895  1.59 175.578499  64.743588  1.706
 13    41.390 52666.98034367  4.62 175.594133  64.772203  2.032
 13    40.683 52666.98034431  4.69 175.591203  64.769093  2.032
 13    40.099 52666.98034496  4.78 175.588273  64.765983  2.032
 13    39.002 52666.98034560  4.72 175.585339  64.762874  1.746
 13    37.983 52666.98034625  4.84 175.582409  64.759764  1.746
 13    36.756 52666.98034689  4.90 175.579479  64.756654  1.746
 13    35.807 52666.98034754  4.93 175.576559  64.753544  1.746
 13    35.861 52666.98034818  4.81 175.573629  64.750434  1.746
 13    37.001 52666.98034883  4.73 175.570699  64.747324  1.746
 13    38.456 52666.98034947  4.50 175.567779  64.744214  1.746
 13    44.687 52666.98035012  3.75 175.564849  64.741104  1.746
 14    43.370 52701.98031548  2.66 175.605033  64.760484  1.670
 14    39.221 52701.98031806  2.88 175.593313  64.748044  1.670
 14    45.563 52701.98031870  2.81 175.590383  64.744944  1.670
 14    46.890 52701.98031935  2.47 175.587453  64.741824  1.670
 15    36.986 52736.98035557  7.51 175.594855  64.773604  4.628
 15    36.348 52736.98035622  7.38 175.591925  64.770504  4.628
 15    33.864 52736.98035686  7.81 175.588995  64.767384  4.628
 15    31.218 52736.98035751  8.29 175.586065  64.764284  4.628
 15    32.010 52736.98035815  7.96 175.583135  64.761164  4.628
 15    28.097 52736.98035880  8.56 175.580205  64.758064  4.628
 15    27.870 52736.98035944  9.32 175.577275  64.754944  4.628
 15    28.456 52736.98036009  8.49 175.574355  64.751844  4.628
 15    28.247 52736.98036073  7.53 175.571425  64.748724  4.628
 15    27.509 52736.98036138  7.64 175.568495  64.745614  4.628
 15    24.811 52736.98036202  7.63 175.565575  64.742504  4.628
 16    40.000 52771.98032578  0.41 175.586340  64.772552  2.332
 16    31.707 52771.98033094  0.45 175.562921  64.747668  2.724
 16    30.824 52771.98033158  0.31 175.560001  64.744558  2.724
 16    26.740 52771.98033223  1.79 175.557071  64.741448  2.724
 17    38.296 52806.98037941  9.41 175.603750  64.769473  5.980
 17    37.652 52806.98038005  8.41 175.600820  64.766363  5.980
 17    36.518 52806.98038070  7.53 175.597880  64.763253  5.980
 17    29.321 52806.98038263  9.10 175.589090  64.753933  5.980
 17    22.414 52806.98038392  9.80 175.583240  64.747713  5.980
 17    31.001 52806.98038456  8.12 175.580310  64.744593  5.980
 17    43.035 52806.98038521  5.33 175.577380  64.741493  5.980
 18    33.695 52841.98043816  3.25 175.604670  64.770691  6.538
 18    30.629 52841.98043881  3.95 175.601740  64.767581  6.538
 18    29.853 52841.98043945  2.31 175.598810  64.764481  6.538
 18    24.374 52841.98044010  2.98 175.595880  64.761361  6.538
 18     0.484 52841.98044267 15.75 175.584160  64.748921  6.538
 18     0.498 52841.98044332 13.76 175.581240  64.745811  6.538
 18     0.479 52841.98044396 12.61 175.578310  64.742701  6.538
 19    38.487 52876.98047685  7.98 175.599174  64.771316  2.467
 19    38.348 52876.98047750  6.44 175.596244  64.768206  2.467
 19    37.797 52876.98047814  5.45 175.593314  64.765106  2.467
 19    36.713 52876.98047879  5.06 175.590384  64.761986  2.467
 19    36.332 52876.98047943  5.00 175.587454  64.758886  2.467
 19    33.891 52876.98048008  4.66 175.584524  64.755766  2.467
 19    33.829 52876.98048072  4.34 175.581594  64.752666  2.467
 19    35.659 52876.98048137  4.28 175.578664  64.749546  2.467
 19    35.840 52876.98048201  4.39 175.575744  64.746436  2.467
 19    42.589 52876.98048266  3.45 175.572814  64.743326  2.467
 20    38.584 52911.98043558  8.52 175.595495  64.773281 11.658
 20    38.761 52911.98043622  7.22 175.592565  64.770171 11.658
 20    38.387 52911.98043687  6.63 175.589639  64.767058 10.439
 20    37.409 52911.98043751  6.39 175.586709  64.763948 10.439
 20     2.525 52911.98043816 16.27 175.583779  64.760838 10.439
 20    11.585 52911.98043880 20.94 175.580849  64.757728 10.439
 20     3.025 52911.98043945 29.20 175.577929  64.754618 10.439
 20     1.326 52911.98044009 29.06 175.574999  64.751508 10.439
 20     0.175 52911.98044074 28.93 175.572069  64.748398 10.439
 20     0.716 52911.98044138 22.80 175.569149  64.745288 10.439
 20     0.158 52911.98044203 18.67 175.566229  64.742178 10.439
 21     1.133 52946.98039618 38.49 175.595642  64.748610 18.290
 21     0.945 52946.98039683 47.91 175.592712  64.745500 18.290
 21     0.974 52946.98039747 47.38 175.589782  64.742390 18.290
 23    39.243 53016.98042554  5.60 175.589105  64.773604  1.763
 23    40.492 53016.98042618  5.30 175.586175  64.770494  1.763
 23    39.777 53016.98042683  5.31 175.583245  64.767384  1.763
 23    39.741 53016.98042747  5.45 175.580315  64.764274  1.763
 23    39.427 53016.98042812  5.12 175.577385  64.761164  1.763
 23    39.430 53016.98042876  5.09 175.574465  64.758054  1.763
 23    40.829 53016.98042941  5.35 175.571535  64.754944  1.763
 23    44.220 53016.98043005  4.89 175.568605  64.751834  1.763
 23    46.803 53016.98043070  4.55 175.565685  64.748724  1.763
 23    52.893 53016.98043134  3.66 175.562755  64.745614  1.763
 23    63.163 53016.98043199  3.16 175.559835  64.742504  1.763
 24    44.621 53051.98040463  3.01 175.606896  64.769107  1.717
 24    43.944 53051.98040528  3.32 175.603966  64.765997  1.717
 24    42.888 53051.98040592  3.08 175.601036  64.762887  1.717
 24    41.875 53051.98040657  3.06 175.598106  64.759777  1.717
 24    39.362 53051.98040786  3.22 175.592246  64.753557  1.717
 24    38.504 53051.98040850  2.98 175.589316  64.750447  1.717
 24    37.232 53051.98040915  2.78 175.586386  64.747347  1.717
 24    41.198 53051.98040979  2.12 175.583456  64.744227  1.717
 24    41.231 53051.98041044  2.15 175.580536  64.741117  1.717
 25    37.856 53086.98044175  2.64 175.579244  64.771690  1.720
 25    37.303 53086.98044239  2.71 175.576314  64.768580  1.720
 25    38.589 53086.98044304  2.58 175.573384  64.765470  1.720
 25    37.315 53086.98044368  2.26 175.570454  64.762360  1.720
 25    38.133 53086.98044433  2.29 175.567524  64.759250  1.720
 25    36.136 53086.98044497  2.13 175.564604  64.756140  1.720
 25    35.017 53086.98044562  2.04 175.561674  64.753030  1.720
 25    34.990 53086.98044626  1.81 175.558744  64.749920  1.720
 25    35.033 53086.98044690  1.81 175.555824  64.746800  1.720
 25    38.708 53086.98044755  1.39 175.552894  64.743690  1.720
 26    42.318 53121.98041125  1.55 175.601956  64.770757  1.625
 26    42.210 53121.98041189  1.51 175.599026  64.767637  1.625
 26    40.307 53121.98041253  1.66 175.596096  64.764537  1.625
 26    40.226 53121.98041318  1.75 175.593166  64.761427  1.625
 26    38.997 53121.98041382  1.84 175.590236  64.758317  1.625
 26    36.822 53121.98041447  1.86 175.587306  64.755207  1.625
 26    37.152 53121.98041511  1.90 175.584376  64.752097  1.625
 26    35.429 53121.98041576  2.10 175.581446  64.748987  1.625
 26    36.643 53121.98041640  2.05 175.578516  64.745867  1.625
 26    40.127 53121.98041705  1.50 175.575596  64.742767  1.625
 27     1.583 53156.98046920 45.26 175.584008  64.760772 25.118
 27     1.457 53156.98046984 51.98 175.581078  64.757672 25.118
 27     1.728 53156.98047048 50.71 175.578148  64.754552 25.118
 27     1.534 53156.98047113 49.04 175.575218  64.751452 25.118
 27     1.877 53156.98047177 24.55 175.572298  64.748342 25.118
 27     2.186 53156.98047242 24.80 175.569368  64.745232 25.118
 27     2.272 53156.98047306 30.56 175.566438  64.742122 25.118
 28    37.836 53191.98045938  5.11 175.599720  64.771066  6.477
 28    36.914 53191.98046002  4.86 175.596790  64.767956  6.477
 28    36.197 53191.98046066  3.02 175.593860  64.764846  6.477
 28    34.136 53191.98046131  2.99 175.590940  64.761736  6.477
 29    37.653 53226.98046104  9.29 175.596647  64.772716  3.924
 29    37.012 53226.98046168  7.32 175.593707  64.769606  3.924
 29    36.786 53226.98046233  4.50 175.590777  64.766496  3.924
 29    35.385 53226.98046297  3.92 175.587857  64.763386  3.924
 29    34.942 53226.98046362  3.88 175.584927  64.760276  3.924
 29    32.669 53226.98046426  3.87 175.581997  64.757166  3.924
 29    32.972 53226.98046491  3.93 175.579067  64.754056  3.924
 29    33.219 53226.98046555  3.21 175.576147  64.750946  3.924
 29    30.343 53226.98046620  3.13 175.573217  64.747836  3.924
 29    30.427 53226.98046684  4.01 175.570287  64.744716  3.924
 29    41.617 53226.98046748  4.35 175.567367  64.741606  3.924
 30    34.879 53261.98043542 13.91 175.579145  64.770447  4.813
 30    33.269 53261.98043606 14.06 175.576215  64.767337  4.813
 30    31.888 53261.98043671 15.05 175.573285  64.764227  4.813
 30    29.681 53261.98043735 15.69 175.570355  64.761117  4.813
 30    28.465 53261.98043800 15.72 175.567425  64.758007  4.813
 30    21.448 53261.98043864 15.58 175.564505  64.754897  4.813
 30    26.621 53261.98043929 14.99 175.561575  64.751787  4.813
 30    23.648 53261.98043993 16.12 175.558655  64.748677  4.813
 30    27.795 53261.98044058 14.03 175.555725  64.745557  4.813
 30    26.663 53261.98044122 14.13 175.552805  64.742457  4.813
 31    20.365 53296.98047466 15.74 175.572905  64.749881  6.177
 31    24.951 53296.98047530 14.16 175.569985  64.746771  6.177
 31    22.953 53296.98047595 14.52 175.567055  64.743661  6.177
 31    24.820 53296.98047659 13.01 175.564125  64.740551  6.177
 32    26.165 53331.98044187  8.86 175.597298  64.773007  8.765
 32    28.567 53331.98044251  4.72 175.594368  64.769897  8.765
 32    30.472 53331.98044316  3.74 175.591438  64.766787  8.765
 32    34.104 53331.98044380  2.46 175.588508  64.763677  8.765
 32    33.336 53331.98044445  2.04 175.585578  64.760567  8.765
 32    31.897 53331.98044509  2.28 175.582648  64.757457  8.765
 32    31.195 53331.98044574  2.23 175.579728  64.754347  8.765
 35    42.381 53436.98040477  1.00 175.589671  64.773026  4.327
 35    41.697 53436.98040541  1.16 175.586741  64.769916  4.327
 35    40.640 53436.98040606  1.27 175.583811  64.766806  4.327
 35    39.415 53436.98040670  1.01 175.580891  64.763696  4.327
 35    38.010 53436.98040735  1.09 175.577961  64.760586  4.327
 35    36.598 53436.98040799  0.94 175.575031  64.757476  4.327
 35    35.658 53436.98040863  0.93 175.572101  64.754366  4.327
 35    34.293 53436.98040928  0.57 175.569181  64.751256  4.327
 36    41.695 53471.98045693  1.05 175.598729  64.770825  1.565
 36    40.730 53471.98045757  1.22 175.595789  64.767715  1.565
 36    39.868 53471.98045822  1.36 175.592859  64.764605  1.565
 36    37.800 53471.98045886  1.40 175.589929  64.761505  1.565
 36    36.726 53471.98045951  1.37 175.586999  64.758385  1.565
 36    36.166 53471.98046015  1.58 175.584069  64.755285  1.565
 36    37.140 53471.98046080  1.64 175.581139  64.752165  1.565
 36    37.170 53471.98046144  1.65 175.578219  64.749065  1.565
 36    36.993 53471.98046208  1.45 175.575289  64.745945  1.565
 37    41.842 53506.98048791  2.23 175.592297  64.771059  1.552
 37    40.852 53506.98048855  2.42 175.589367  64.767949  1.552
 37    39.672 53506.98048920  2.53 175.586437  64.764839  1.552
 37    38.796 53506.98048984  2.06 175.583507  64.761729  1.552
 37    37.719 53506.98049049  2.28 175.580577  64.758619  1.552
 37    36.702 53506.98049113  2.08 175.577647  64.755509  1.552
 37    35.114 53506.98049178  1.99 175.574717  64.752399  1.552
 37    34.063 53506.98049242  1.81 175.571797  64.749289  1.552
 37    35.847 53506.98049307  1.64 175.568867  64.746179  1.552
 37    36.756 53506.98049371  1.42 175.565937  64.743069  1.552
 38    37.374 53541.98049437 16.04 175.590722  64.770795  5.886
 38    35.754 53541.98049501 16.23 175.587792  64.767685  5.886
 38    28.715 53541.98049759 17.84 175.576082  64.755245  5.886
 38    27.993 53541.98049824 16.04 175.573152  64.752135  5.886
 38    28.194 53541.98049888 14.98 175.570222  64.749025  5.886
 38    37.799 53541.98049953 12.70 175.567302  64.745915  5.886
 38    43.817 53541.98050017 12.82 175.564372  64.742795  5.886
 39     0.489 53576.98048241 19.96 175.585849  64.771215  5.360
 39    28.493 53576.98048305 14.17 175.582919  64.768105  5.360
 39     2.206 53576.98048370 14.35 175.579989  64.764995  5.360
 39     0.515 53576.98048434 15.50 175.577069  64.761885  5.360
 39     0.544 53576.98048499 16.50 175.574139  64.758775  5.360
 39     0.571 53576.98048563 15.30 175.571209  64.755665  5.360
 39     0.140 53576.98048628 17.04 175.568279  64.752555  5.360
 39     0.321 53576.98048692 14.88 175.565359  64.749445  5.360
 39     0.452 53576.98048757 14.00 175.562429  64.746335  5.360
 39    22.401 53576.98048821 13.72 175.559509  64.743225  5.360
 40     2.932 53611.98043438 20.17 175.581241  64.772494  5.630
 40     5.132 53611.98043502 14.03 175.578311  64.769384  5.630
 40    30.848 53611.98043567 12.30 175.575381  64.766274  5.630
 40    26.690 53611.98043631 13.27 175.572451  64.763164  5.630
 40    25.366 53611.98043696 12.52 175.569531  64.760054  5.630
 40     2.151 53611.98043760 13.68 175.566601  64.756944  5.630
 40    21.242 53611.98043825 13.15 175.563671  64.753834  5.630
 40    22.275 53611.98043889 12.82 175.560751  64.750724  5.630
 40    23.633 53611.98043954 12.51 175.557821  64.747604  5.630
 40    25.307 53611.98044018 11.71 175.554901  64.744494  5.630
 41    40.627 53646.98043868 13.22 175.605625  64.770411  2.565
 41    40.071 53646.98043932 11.68 175.602695  64.767301  2.565
 41    39.192 53646.98043997 11.05 175.599765  64.764191  2.565
 41    37.935 53646.98044061 10.60 175.596835  64.761081  2.565
 41    36.441 53646.98044126 10.58 175.593905  64.757981  2.565
 41    35.790 53646.98044190 10.02 175.590975  64.754871  2.565
 41    34.444 53646.98044255 10.34 175.588045  64.751761  2.565
 41    33.508 53646.98044319  9.64 175.585115  64.748651  2.565
 41    32.973 53646.98044384 10.46 175.582185  64.745541  2.565
 41    36.990 53646.98044448 10.27 175.579265  64.742431  2.565
 42    -0.083 53681.98045593 22.01 175.582114  64.766757  6.382
 42     0.057 53681.98045658 20.95 175.579184  64.763647  6.382
 42     0.051 53681.98045722 20.78 175.576254  64.760537  6.382
 42     0.031 53681.98045787 20.60 175.573324  64.757417  6.382
 42     0.293 53681.98045851 20.04 175.570404  64.754307  6.382
 42     0.542 53681.98045915 19.15 175.567474  64.751197  6.382
 42     0.551 53681.98045980 18.70 175.564544  64.748087  6.382
 42     0.606 53681.98046044 18.24 175.561624  64.744977  6.382
 42     0.417 53681.98046109 18.14 175.558694  64.741867  6.382
 43    36.275 53716.98038240  0.88 175.589036  64.771233  7.188
 43    35.747 53716.98038305  0.78 175.586106  64.768123  7.188
 43    34.884 53716.98038369  0.86 175.583176  64.765013  7.188
 43    32.554 53716.98038434  1.10 175.580246  64.761903  7.188
 45    31.362 53786.98033570  2.77 175.576669  64.750759  2.769
 45    25.665 53786.98033635  4.31 175.573739  64.747639  2.769
 45    25.020 53786.98033699  4.25 175.570819  64.744539  2.769
 45    12.596 53786.98033764  5.39 175.567889  64.741419  2.769
 46    38.702 53821.98028691  0.35 175.579822  64.770844  1.876
 46    37.814 53821.98028755  0.33 175.576892  64.767734  1.876
 46    40.366 53821.98028820  0.00 175.573959  64.764626  2.310
 46    38.497 53821.98028884  0.34 175.571029  64.761516  2.310
 46    36.478 53821.98029013  0.10 175.565179  64.755296  2.310
 46    28.051 53821.98029271  1.85 175.553489  64.742856  2.310
 47    30.890 53856.98038163  0.40 175.575503  64.748221  2.163
 47    26.221 53856.98038227  1.67 175.572573  64.745111  2.163
 47    25.748 53856.98038292  1.34 175.569643  64.742001  2.163
 48    34.295 53891.98039456 14.47 175.580803  64.746981 13.091
 48    38.226 53891.98039520 12.98 175.577873  64.743861 13.091
 49     0.463 53926.98045044 26.18 175.588388  64.772827 20.800
 49     0.537 53926.98045108 16.75 175.585458  64.769717 20.800
 49     0.423 53926.98045173 17.00 175.582522  64.766608  5.007
 49     0.142 53926.98045237 18.32 175.579592  64.763498  5.007
 49     0.193 53926.98045302 18.43 175.576662  64.760388  5.007
 49     0.101 53926.98045366 17.71 175.573732  64.757278  5.007
 49    -0.181 53926.98045431 18.02 175.570802  64.754168  5.007
 49    -0.225 53926.98045495 17.62 175.567882  64.751058  5.007
 49    -0.641 53926.98045560 17.21 175.564952  64.747948  5.007
 49    -0.257 53926.98045624 16.24 175.562022  64.744838  5.007
 49     0.088 53926.98045689 14.21 175.559102  64.741728  5.007
 50     0.530 53961.98043571 19.76 175.581573  64.771264 12.679
 50     1.291 53961.98043636 19.37 175.578643  64.768154 12.679
 50     0.421 53961.98043700 19.81 175.575718  64.765041  4.396
 50     0.340 53961.98043765 20.50 175.572788  64.761931  4.396
 50     0.136 53961.98043829 20.94 175.569858  64.758821  4.396
 50     0.179 53961.98043894 20.88 175.566928  64.755711  4.396
 50     0.596 53961.98043958 20.18 175.564008  64.752601  4.396
 50     0.935 53961.98044023 19.07 175.561078  64.749491  4.396
 50     0.919 53961.98044087 17.81 175.558158  64.746381  4.396
 50     0.765 53961.98044152 18.55 175.555228  64.743271  4.396
 52    41.399 54031.98043066  6.79 175.603616  64.769211  2.071
 52    39.605 54031.98043130  6.90 175.600686  64.766101  2.071
 52    39.883 54031.98043195  6.78 175.597750  64.762985  2.566
 52    38.418 54031.98043259  6.98 175.594820  64.759885  2.566
 52    35.617 54031.98043388  7.45 175.588960  64.753665  2.566
 52    32.813 54031.98043452  7.61 175.586030  64.750555  2.566
 52    32.118 54031.98043517  7.83 175.583110  64.747445  2.566
 52    27.585 54031.98043581  9.41 175.580180  64.744335  2.566
 52    24.992 54031.98043646  9.17 175.577250  64.741215  2.566
 53    41.386 54066.98042407  4.54 175.596711  64.773527  2.255
 53    41.591 54066.98042472  4.43 175.593781  64.770417  2.255
 53    39.996 54066.98042536  4.49 175.590858  64.767309  1.653
 53    39.222 54066.98042601  4.20 175.587928  64.764199  1.653
 53    37.702 54066.98042665  4.41 175.584998  64.761089  1.653
 53    37.214 54066.98042730  4.31 175.582068  64.757979  1.653
 53    35.774 54066.98042794  4.23 175.579138  64.754869  1.653
 53    34.244 54066.98042859  4.25 175.576208  64.751759  1.653
 53    34.420 54066.98042923  4.20 175.573288  64.748649  1.653
 53    34.386 54066.98042988  3.94 175.570358  64.745539  1.653
 53    33.211 54066.98043052  3.91 175.567438  64.742429  1.653
 54    40.107 54101.98038561  2.49 175.584402  64.771657  1.938
 54    39.554 54101.98038625  2.41 175.581472  64.768547  1.938
 54    39.499 54101.98038690  2.61 175.578537  64.765434  1.665
 54    37.814 54101.98038754  2.91 175.575607  64.762324  1.665
 54    36.564 54101.98038819  3.07 175.572687  64.759214  1.665
 54    36.182 54101.98038883  2.79 175.569757  64.756104  1.665
 54    35.414 54101.98038947  2.83 175.566827  64.752994  1.665
 54    33.737 54101.98039012  2.92 175.563907  64.749884  1.665
 54    32.467 54101.98039076  2.89 175.560977  64.746774  1.665
 54    34.214 54101.98039141  2.80 175.558057  64.743664  1.665
 55    41.826 54136.98035228  1.37 175.601559  64.769382  1.917
 55    41.402 54136.98035293  1.47 175.598628  64.766267  1.522
 55    39.922 54136.98035357  1.67 175.595698  64.763157  1.522
 55    39.012 54136.98035422  1.41 175.592768  64.760047  1.522
 55    38.409 54136.98035486  1.41 175.589838  64.756937  1.522
 55    38.238 54136.98035550  1.63 175.586908  64.753837  1.522
 55    36.690 54136.98035615  1.56 175.583978  64.750717  1.522
 55    35.975 54136.98035679  1.56 175.581048  64.747617  1.522
 55    39.262 54136.98035744  1.30 175.578128  64.744497  1.522
 56    42.498 54171.98036204  2.59 175.588835  64.773504  1.741
 56    42.061 54171.98036268  2.52 175.585905  64.770394  1.741
 56    41.075 54171.98036333  2.54 175.582975  64.767284  1.741
 56    39.858 54171.98036397  2.72 175.580045  64.764174  1.741
 56    38.600 54171.98036461  2.61 175.577115  64.761064  1.741
 56    37.763 54171.98036526  2.51 175.574195  64.757954  1.741
 56    36.705 54171.98036590  2.39 175.571265  64.754834  1.741
 56    35.087 54171.98036655  2.46 175.568335  64.751724  1.741
 56    36.654 54171.98036719  2.17 175.565415  64.748614  1.741
 56    40.030 54171.98036784  2.01 175.562485  64.745504  1.741
 56    41.834 54171.98036848  1.86 175.559565  64.742394  1.741
 57    41.821 54206.98035716  3.18 175.603950  64.771805  1.879
 57    41.394 54206.98035781  3.18 175.601020  64.768695  1.879
 57    40.406 54206.98035845  3.32 175.598090  64.765585  1.879
 57    39.549 54206.98035910  3.47 175.595160  64.762475  1.879
 57    38.914 54206.98035974  3.06 175.592230  64.759375  1.879
 57    37.845 54206.98036039  3.21 175.589300  64.756255  1.879
 57    36.240 54206.98036103  3.12 175.586370  64.753145  1.879
 57    36.391 54206.98036168  3.24 175.583440  64.750035  1.879
 57    36.522 54206.98036232  2.99 175.580510  64.746925  1.879
 57    34.345 54206.98036296  3.01 175.577580  64.743815  1.879
 58    15.530 54241.98038973  6.95 175.597520  64.772331  9.041
 58     1.015 54241.98039038  9.60 175.594590  64.769221  9.041
 58     1.294 54241.98039102  6.85 175.591650  64.766111  9.041
 58     1.439 54241.98039167  7.67 175.588720  64.763001  9.041
 58     1.612 54241.98039231  5.39 175.585800  64.759881  9.041
 58     0.560 54241.98039360  6.62 175.579940  64.753661  9.041
 58     0.702 54241.98039425  7.97 175.577010  64.750551  9.041
 58     0.885 54241.98039489  7.27 175.574080  64.747441  9.041
 58     1.369 54241.98039554  9.27 175.571160  64.744331  9.041
 58     0.759 54241.98039618 14.58 175.568230  64.741221  9.041
 59     0.834 54276.98040508 16.89 175.593116  64.767693  8.496
 59     1.215 54276.98040573 17.66 175.590186  64.764593  8.496
 59     1.338 54276.98040637 18.66 175.587256  64.761473  8.496
 59     1.602 54276.98040702 18.22 175.584336  64.758363  8.496
 59     1.252 54276.98040766 16.34 175.581406  64.755253  8.496
 59     0.977 54276.98040831 14.55 175.578476  64.752143  8.496
 59     1.050 54276.98040895 13.81 175.575546  64.749033  8.496
 59     1.206 54276.98040960 12.33 175.572626  64.745923  8.496
 59     1.015 54276.98041024 12.36 175.569696  64.742813  8.496
 60     0.434 54311.98040479 20.18 175.598440  64.773322 11.434
 60     0.109 54311.98040544 18.30 175.595510  64.770222 11.434
 60    -0.190 54311.98040608 19.17 175.592580  64.767102 11.434
 60     0.216 54311.98040672 20.65 175.589650  64.764002 11.434
 60     0.795 54311.98040737 22.15 175.586720  64.760882 11.434
 60     0.933 54311.98040801 27.53 175.583800  64.757772 11.434
 60     0.510 54311.98040866 23.14 175.580870  64.754662 11.434
 60     0.485 54311.98040930 20.15 175.577940  64.751552 11.434
 60    -0.104 54311.98040995 19.92 175.575010  64.748442 11.434
 60    -0.703 54311.98041059 20.05 175.572090  64.745332 11.434
 60    -1.553 54311.98041124 17.03 175.569160  64.742222 11.434
 61     4.073 54346.98037811 18.10 175.586521  64.772805  5.369
 61     2.093 54346.98037876 17.51 175.583591  64.769695  5.369
 61     0.599 54346.98037940 14.62 175.580661  64.766585  5.369
 61     0.624 54346.98038005 15.32 175.577731  64.763475  5.369
 61     0.353 54346.98038069 17.34 175.574801  64.760355  5.369
 61     0.070 54346.98038134 18.69 175.571881  64.757255  5.369
 61    -0.044 54346.98038198 19.19 175.568951  64.754135  5.369
 61     0.241 54346.98038263 19.29 175.566021  64.751025  5.369
 61     0.594 54346.98038327 19.57 175.563101  64.747915  5.369
 61     0.860 54346.98038391 20.16 175.560171  64.744805  5.369
 61     0.770 54346.98038456 19.55 175.557251  64.741695  5.369
 62    38.311 54381.98034190  6.36 175.603611  64.771966  8.985
 62    37.741 54381.98034255  6.06 175.600681  64.768856  8.985
 62    36.338 54381.98034319  5.65 175.597751  64.765746  8.985
 62    31.961 54381.98034384  6.90 175.594811  64.762636  8.985
 62    31.012 54381.98034448  8.43 175.591881  64.759526  8.985
 62    24.822 54381.98034513 10.19 175.588961  64.756426  8.985
 62    24.298 54381.98034577  9.82 175.586031  64.753306  8.985
 62    23.713 54381.98034642 11.26 175.583101  64.750206  8.985
 63     0.002 54416.98032925 33.24 175.581174  64.762929 11.939
 63    -0.124 54416.98032990 32.63 175.578244  64.759809 11.939
 63    -0.353 54416.98033054 32.68 175.575324  64.756709 11.939
 63    -0.377 54416.98033119 32.34 175.572394  64.753589 11.939
 63    -0.344 54416.98033183 32.64 175.569464  64.750479 11.939
 63    -0.025 54416.98033247 30.78 175.566544  64.747369 11.939
 63     0.139 54416.98033312 30.11 175.563614  64.744259 11.939
 63    -0.053 54416.98033376 30.20 175.560694  64.741149 11.939
 64    41.294 54451.98031164  1.98 175.604198  64.768729  1.817
 64    40.387 54451.98031228  1.72 175.601268  64.765619  1.817
 64    39.581 54451.98031293  2.08 175.598338  64.762509  1.817
 64    37.960 54451.98031357  1.86 175.595408  64.759399  1.817
 64    35.810 54451.98031486  2.05 175.589548  64.753179  1.817
 64    34.573 54451.98031551  1.89 175.586618  64.750079  1.817
 64    38.331 54451.98031615  2.03 175.583688  64.746959  1.817
 64    39.645 54451.98031680  1.74 175.580758  64.743859  1.817
 64    42.049 54451.98031744  1.32 175.577828  64.740739  1.817
 65    41.366 54486.98032418  1.94 175.596734  64.771725  2.016
 65    39.676 54486.98032482  1.89 175.593804  64.768615  2.016
 65    39.250 54486.98032547  1.84 175.590881  64.765506  1.496
 65    38.152 54486.98032611  1.65 175.587951  64.762396  1.496
 65    37.806 54486.98032676  1.82 175.585021  64.759286  1.496
 65    36.604 54486.98032740  1.63 175.582091  64.756176  1.496
 65    34.930 54486.98032805  1.89 175.579161  64.753066  1.496
 65    33.320 54486.98032869  1.71 175.576231  64.749956  1.496
 65    34.666 54486.98032934  1.63 175.573311  64.746846  1.496
 65    36.483 54486.98032998  1.49 175.570381  64.743736  1.496
 65    41.449 54486.98033063  1.49 175.567461  64.740616  1.496
 66    41.606 54521.98032461  1.03 175.602311  64.770822  1.627
 66    40.597 54521.98032525  1.26 175.599371  64.767712  1.627
 66    39.604 54521.98032589  1.10 175.596441  64.764612  1.627
 66    38.862 54521.98032654  1.14 175.593511  64.761492  1.627
 66    38.421 54521.98032718  1.04 175.590581  64.758392  1.627
 66    37.720 54521.98032783  1.10 175.587651  64.755272  1.627
 66    38.036 54521.98032847  0.97 175.584731  64.752172  1.627
 66    35.689 54521.98032912  1.01 175.581801  64.749052  1.627
 66    35.632 54521.98032976  0.94 175.578871  64.745952  1.627
 66    36.877 54521.98033041  0.90 175.575941  64.742832  1.627
 67    40.712 54556.98033450  1.67 175.589053  64.772612  1.831
 67    40.199 54556.98033515  1.64 175.586123  64.769502  1.831
 67    39.427 54556.98033579  1.59 175.583193  64.766392  1.831
 67    38.779 54556.98033644  1.72 175.580273  64.763282  1.831
 67    37.803 54556.98033708  1.54 175.577343  64.760172  1.831
 67    36.209 54556.98033773  1.59 175.574413  64.757062  1.831
 67    35.202 54556.98033837  1.43 175.571483  64.753942  1.831
 67    33.762 54556.98033902  1.43 175.568563  64.750832  1.831
 67    35.146 54556.98033966  1.21 175.565633  64.747722  1.831
 67    30.256 54556.98034031  2.32 175.562713  64.744612  1.831
 67    34.085 54556.98034095  1.13 175.559783  64.741502  1.831
 68    41.410 54591.98032033  2.19 175.598599  64.772130  1.676
 68    41.173 54591.98032097  1.89 175.595669  64.769030  1.676
 68    40.071 54591.98032162  2.05 175.592739  64.765910  1.676
 68    38.422 54591.98032226  2.05 175.589809  64.762810  1.676
 68    37.898 54591.98032291  1.90 175.586879  64.759690  1.676
 68    35.546 54591.98032355  1.99 175.583949  64.756590  1.676
 68    34.914 54591.98032420  1.92 175.581019  64.753470  1.676
 68    33.615 54591.98032484  1.73 175.578099  64.750370  1.676
 68    32.385 54591.98032549  1.71 175.575169  64.747250  1.676
 68    31.758 54591.98032613  1.62 175.572239  64.744140  1.676
 69     2.023 54626.98033595 42.35 175.595345  64.773512 16.083
 69     1.943 54626.98033659 47.95 175.592415  64.770402 16.083
 69     1.946 54626.98033724 47.42 175.589485  64.767292 16.083
 69     2.270 54626.98033788 46.28 175.586555  64.764182 16.083
 69     2.370 54626.98033852 46.73 175.583625  64.761072 16.083
 69     2.417 54626.98033917 46.03 175.580695  64.757962 16.083
 69     2.399 54626.98033981 46.43 175.577765  64.754852 16.083
 69     2.393 54626.98034046 46.55 175.574845  64.751732 16.083
 69     2.295 54626.98034110 46.78 175.571915  64.748622 16.083
 69     2.437 54626.98034175 44.67 175.568985  64.745512 16.083
 69     2.337 54626.98034239 48.08 175.566065  64.742402 16.083
 70    21.992 54661.98034442 10.87 175.593379  64.769640  7.603
 70    24.552 54661.98034571  8.36 175.587519  64.763420  7.603
 70    22.911 54661.98034636  8.98 175.584589  64.760310  7.603
 70    20.508 54661.98034765  7.60 175.578729  64.754090  7.603
 70    11.715 54661.98034958 10.85 175.569949  64.744750  7.603
 70    13.193 54661.98035023 10.60 175.567029  64.741640  7.603
 71     0.322 54696.98031955 35.04 175.590898  64.773476 16.352
 71    -0.010 54696.98032019 35.59 175.587968  64.770366 16.352
 71     0.261 54696.98032084 37.25 175.585038  64.767256 16.352
 71     0.104 54696.98032148 39.70 175.582108  64.764146 16.352
 71     0.266 54696.98032213 46.66 175.579178  64.761036 16.352
 71     0.393 54696.98032277 49.73 175.576258  64.757916 16.352
 71     0.634 54696.98032342 48.60 175.573328  64.754816 16.352
 71     0.808 54696.98032406 47.31 175.570398  64.751696 16.352
 71     0.883 54696.98032471 47.46 175.567478  64.748586 16.352
 71     0.935 54696.98032535 46.18 175.564548  64.745476 16.352
 71     0.704 54696.98032600 41.88 175.561628  64.742366 16.352
 72    20.049 54731.98030005 11.25 175.603566  64.771635  8.061
 72     0.675 54731.98030199 18.03 175.594766  64.762315  8.061
 72     1.036 54731.98030263 28.75 175.591836  64.759195  8.061
 72     0.723 54731.98030328 18.69 175.588906  64.756095  8.061
 72     0.507 54731.98030392 16.83 175.585986  64.752975  8.061
 72     0.646 54731.98030457 14.22 175.583056  64.749875  8.061
 72     0.612 54731.98030521 13.34 175.580126  64.746755  8.061
 72     0.575 54731.98030586 12.00 175.577196  64.743655  8.061
 73     0.201 54766.98029878 37.09 175.596486  64.772934 13.089
 73     0.282 54766.98029942 39.54 175.593556  64.769824 13.089
 73     0.382 54766.98030007 38.70 175.590626  64.766714 13.089
 73     0.003 54766.98030071 40.92 175.587696  64.763614 13.089
 73     0.198 54766.98030136 35.13 175.584766  64.760494 13.089
 73     0.363 54766.98030200 34.60 175.581836  64.757394 13.089
 73     0.225 54766.98030265 34.22 175.578906  64.754274 13.089
 73     0.555 54766.98030329 36.29 175.575986  64.751164 13.089
 73     0.490 54766.98030394 37.91 175.573056  64.748054 13.089
 73     0.276 54766.98030458 38.74 175.570126  64.744944 13.089
 73     0.190 54766.98030523 37.99 175.567206  64.741834 13.089
 74    37.963 54801.98029414  2.15 175.603045  64.771126  5.886
 74    37.285 54801.98029479  2.08 175.600115  64.768016  5.886
 74    36.996 54801.98029543  2.01 175.597185  64.764916  5.886
 74    34.436 54801.98029608  2.34 175.594245  64.761796  5.886
 74    33.572 54801.98029672  2.80 175.591315  64.758696  5.886
 74    32.382 54801.98029737  3.34 175.588395  64.755576  5.886
 74    29.373 54801.98029801  3.02 175.585465  64.752476  5.886
 75    40.431 54836.98029133  3.26 175.594878  64.771458  1.704
 75    40.009 54836.98029198  3.27 175.591948  64.768348  1.704
 75    39.238 54836.98029262  3.18 175.589018  64.765238  1.704
 75    38.245 54836.98029327  3.10 175.586088  64.762128  1.704
 75    36.760 54836.98029391  3.19 175.583158  64.759018  1.704
 75    36.046 54836.98029456  3.05 175.580228  64.755908  1.704
 75    34.458 54836.98029520  3.04 175.577298  64.752798  1.704
 75    34.005 54836.98029585  2.83 175.574378  64.749678  1.704
 75    35.624 54836.98029649  2.52 175.571448  64.746568  1.704
 75    33.558 54836.98029713  2.61 175.568518  64.743458  1.704
 75    37.669 54836.98029778  2.42 175.565598  64.740348  1.704
 76    41.577 54871.98029268  0.69 175.603247  64.771161  1.587
 76    41.168 54871.98029332  0.83 175.600317  64.768051  1.587
 76    39.938 54871.98029396  0.79 175.597387  64.764941  1.587
 76    38.860 54871.98029461  0.99 175.594447  64.761831  1.587
 76    37.991 54871.98029525  0.88 175.591517  64.758731  1.587
 76    38.101 54871.98029590  0.92 175.588597  64.755621  1.587
 76    36.134 54871.98029654  0.70 175.585667  64.752511  1.587
 76    35.656 54871.98029719  0.80 175.582737  64.749391  1.587
 76    41.947 54871.98029783  0.55 175.579807  64.746291  1.587
 76    41.888 54871.98029848  0.25 175.576877  64.743171  1.587
 77    41.386 54906.98029948  0.45 175.583647  64.771836  2.254
 77    41.069 54906.98030013  0.52 175.580717  64.768726  2.254
 77    39.376 54906.98030077  0.57 175.577787  64.765616  2.254
 77    37.931 54906.98030142  0.63 175.574867  64.762506  2.254
 77    37.932 54906.98030206  0.31 175.571937  64.759396  2.254
 77    37.132 54906.98030270  0.42 175.569007  64.756286  2.254
 77    35.741 54906.98030335  0.09 175.566087  64.753176  2.254
 77    34.032 54906.98030399  0.25 175.563157  64.750066  2.254
 77    29.420 54906.98030464  2.40 175.560237  64.746946  2.254
 77    27.900 54906.98030528  2.46 175.557307  64.743836  2.254
 78    32.891 54941.98028987  0.48 175.580995  64.749333  2.230
 78    24.427 54941.98029051  3.49 175.578065  64.746233  2.230
 78    26.135 54941.98029116  2.47 175.575135  64.743113  2.230
 80     1.310 55011.98032181 23.12 175.593934  64.772601  7.633
 80     1.010 55011.98032245 16.83 175.591004  64.769491  7.633
 80     1.357 55011.98032310 15.88 175.588074  64.766381  7.633
 80     1.478 55011.98032374 16.90 175.585144  64.763271  7.633
 80     1.610 55011.98032439 17.52 175.582214  64.760161  7.633
 80     1.353 55011.98032503 17.46 175.579284  64.757051  7.633
 80     0.956 55011.98032568 16.30 175.576354  64.753931  7.633
 80     0.903 55011.98032632 15.07 175.573434  64.750831  7.633
 80     1.030 55011.98032696 13.36 175.570504  64.747711  7.633
 81     0.621 55046.98031372 50.28 175.597797  64.771672 19.995
 81     0.481 55046.98031436 52.50 175.594867  64.768562 19.995
 81     0.677 55046.98031501 50.30 175.591937  64.765452 19.995
 81     0.684 55046.98031565 50.70 175.589007  64.762342 19.995
 81     0.616 55046.98031630 51.35 175.586077  64.759232 19.995
 81     0.612 55046.98031694 51.40 175.583147  64.756122 19.995
 81     0.578 55046.98031759 51.18 175.580217  64.753012 19.995
 81     0.474 55046.98031823 48.60 175.577297  64.749892 19.995
 81     0.581 55046.98031888 27.32 175.574367  64.746782 19.995
 81     0.585 55046.98031952 26.81 175.571437  64.743672 19.995
 82     2.138 55081.98028642 18.70 175.583990  64.770751  5.226
 82     2.181 55081.98028707 14.23 175.581060  64.767641  5.226
 82     0.895 55081.98028771 14.51 175.578130  64.764531  5.226
 82     0.607 55081.98028836 14.39 175.575200  64.761421  5.226
 82     0.881 55081.98028900 14.82 175.572280  64.758311  5.226
 82     0.585 55081.98028965 14.18 175.569350  64.755201  5.226
 82     0.740 55081.98029029 13.42 175.566420  64.752091  5.226
 82     0.589 55081.98029094 13.18 175.563500  64.748981  5.226
 82     0.744 55081.98029158 12.61 175.560570  64.745861  5.226
 82    22.910 55081.98029223 11.60 175.557650  64.742751  5.226
 83    34.698 55116.98024609 15.32 175.601353  64.769497 11.556
 83    24.718 55116.98024673 15.84 175.598423  64.766387 11.556
 83    24.180 55116.98024738 15.62 175.595493  64.763277 11.556
 83     0.580 55116.98024996 30.82 175.583783  64.750837 11.556
 83     0.584 55116.98025060 25.35 175.580853  64.747727 11.556
 83     0.336 55116.98025125 24.28 175.577923  64.744617 11.556
 84    -0.747 55151.98024633 28.89 175.581557  64.760375  7.791
 84    -0.692 55151.98024697 29.15 175.578627  64.757265  7.791
 84    -0.742 55151.98024762 28.90 175.575697  64.754155  7.791
 84    -0.394 55151.98024826 27.98 175.572767  64.751045  7.791
 84    -0.253 55151.98024890 27.44 175.569847  64.747935  7.791
 84    -0.256 55151.98024955 25.99 175.566917  64.744815  7.791
 84    -0.254 55151.98025019 25.43 175.563997  64.741715  7.791
 85    41.261 55186.98023247  8.08 175.601972  64.770087  1.889
 85    40.441 55186.98023312  7.84 175.599032  64.766977  1.889
 85    39.422 55186.98023376  7.89 175.596102  64.763867  1.889
 85    38.555 55186.98023440  7.91 175.593172  64.760767  1.889
 85    37.483 55186.98023505  7.81 175.590242  64.757657  1.889
 85    35.699 55186.98023569  8.05 175.587312  64.754547  1.889
 85    36.221 55186.98023634  7.79 175.584392  64.751437  1.889
 85    34.769 55186.98023698  7.69 175.581462  64.748327  1.889
 85    35.961 55186.98023763  7.67 175.578532  64.745217  1.889
 85    36.383 55186.98023827  7.74 175.575602  64.742097  1.889
 86    41.201 55221.98024223  6.01 175.593365  64.772995  1.793
 86    40.771 55221.98024287  5.72 175.590435  64.769895  1.793
 86    39.652 55221.98024352  5.91 175.587505  64.766775  1.793
 86    38.719 55221.98024416  5.75 175.584575  64.763665  1.793
 86    37.401 55221.98024481  5.53 175.581645  64.760555  1.793
 86    36.678 55221.98024545  5.56 175.578715  64.757445  1.793
 86    34.924 55221.98024610  5.19 175.575785  64.754335  1.793
 86    34.440 55221.98024674  5.14 175.572865  64.751225  1.793
 86    33.358 55221.98024739  5.05 175.569935  64.748115  1.793
 86    36.519 55221.98024803  4.98 175.567005  64.745005  1.793
 86    35.705 55221.98024868  4.69 175.564085  64.741895  1.793
 87    41.870 55256.98022839  5.14 175.601050  64.771632  1.889
 87    40.893 55256.98022903  5.21 175.598110  64.768522  1.889
 87    39.762 55256.98022968  5.07 175.595180  64.765422  1.889
 87    39.230 55256.98023032  4.72 175.592250  64.762302  1.889
 87    37.640 55256.98023096  4.84 175.589320  64.759202  1.889
 87    36.196 55256.98023161  4.83 175.586390  64.756082  1.889
 87    36.133 55256.98023225  4.69 175.583470  64.752982  1.889
 87    34.664 55256.98023290  4.69 175.580540  64.749862  1.889
 87    33.503 55256.98023354  4.39 175.577610  64.746762  1.889
 87    34.632 55256.98023419  4.40 175.574680  64.743642  1.889
 88    41.274 55291.98023081  4.09 175.585202  64.771745  1.795
 88    39.612 55291.98023145  4.17 175.582272  64.768635  1.795
 88    39.504 55291.98023210  3.82 175.579342  64.765525  1.795
 88    38.602 55291.98023274  3.71 175.576412  64.762415  1.795
 88    37.504 55291.98023339  3.61 175.573492  64.759305  1.795
 88    36.050 55291.98023403  3.26 175.570562  64.756195  1.795
 88    34.433 55291.98023468  3.17 175.567632  64.753075  1.795
 88    33.851 55291.98023532  3.15 175.564712  64.749965  1.795
 88    33.562 55291.98023597  2.93 175.561782  64.746855  1.795
 88    37.798 55291.98023661  2.71 175.558862  64.743745  1.795
 89     0.154 55326.98021279 18.00 175.594173  64.770985 15.846
 89     0.372 55326.98021343 21.50 175.591243  64.767875 15.846
 89     0.603 55326.98021407 21.24 175.588313  64.764765 15.846
 89     0.929 55326.98021472 20.94 175.585383  64.761655 15.846
 89     0.567 55326.98021536 23.03 175.582453  64.758545 15.846
 89     0.492 55326.98021601 24.89 175.579523  64.755435 15.846
 89     0.764 55326.98021665 26.49 175.576593  64.752325 15.846
 89     0.856 55326.98021730 27.10 175.573673  64.749205 15.846
 89     0.631 55326.98021794 30.67 175.570743  64.746095 15.846
 89     1.080 55326.98021859 33.75 175.567813  64.742985 15.846
 90     1.487 55361.98020892 30.83 175.592155  64.772907  6.704
 90     2.442 55361.98020956 17.24 175.589225  64.769807  6.704
 90     1.541 55361.98021021 16.85 175.586295  64.766687  6.704
 90     1.616 55361.98021085 18.07 175.583365  64.763587  6.704
 90     1.831 55361.98021150 18.20 175.580435  64.760467  6.704
 90     1.292 55361.98021214 17.75 175.577505  64.757367  6.704
 90     1.072 55361.98021279 17.27 175.574575  64.754247  6.704
 90     0.914 55361.98021343 15.40 175.571655  64.751147  6.704
 90     1.381 55361.98021408 13.74 175.568725  64.748027  6.704
 90     1.323 55361.98021472 13.91 175.565795  64.744917  6.704
 90     1.137 55361.98021537 13.57 175.562875  64.741807  6.704
 91    27.762 55396.98021650  3.52 175.600657  64.769528  7.210
 91    26.776 55396.98021714  3.53 175.597717  64.766418  7.210
 91     1.022 55396.98021908 26.99 175.588927  64.757088  7.210
 91     0.703 55396.98021972 19.04 175.585997  64.753978  7.210
 91     0.784 55396.98022037 16.26 175.583077  64.750868  7.210
 91     0.962 55396.98022101 13.70 175.580147  64.747758  7.210
 91     1.060 55396.98022166 12.00 175.577217  64.744648  7.210
 92    -1.377 55431.98022406 26.34 175.597566  64.771263 15.290
 92    -0.639 55431.98022470 25.60 175.594636  64.768153 15.290
 92    -0.117 55431.98022535 28.07 175.591706  64.765043 15.290
 92     0.448 55431.98022599 29.61 175.588776  64.761933 15.290
 92     0.716 55431.98022663 35.83 175.585846  64.758823 15.290
 92     0.582 55431.98022728 40.14 175.582916  64.755713 15.290
 92     0.786 55431.98022792 33.45 175.579986  64.752603 15.290
 92     0.346 55431.98022857 28.27 175.577056  64.749493 15.290
 92    -0.137 55431.98022921 24.02 175.574136  64.746373 15.290
 92    -0.785 55431.98022986 23.51 175.571206  64.743263 15.290
 93    34.655 55466.98018419 16.76 175.583526  64.771608  4.844
 93    33.224 55466.98018483 16.25 175.580596  64.768498  4.844
 93    32.167 55466.98018548 14.98 175.577666  64.765388  4.844
 93    31.784 55466.98018612 14.61 175.574736  64.762278  4.844
 93    31.061 55466.98018677 14.23 175.571816  64.759168  4.844
 93    30.011 55466.98018741 13.81 175.568886  64.756058  4.844
 93    29.136 55466.98018805 13.06 175.565956  64.752948  4.844
 93    28.401 55466.98018870 12.97 175.563036  64.749828  4.844
 93    28.752 55466.98018934 11.82 175.560106  64.746718  4.844
 93    29.704 55466.98018999 12.02 175.557186  64.743608  4.844
