-274691.216   141.497     0.00   76.18
-274320.017   127.665   -37.25   74.67
-273948.753   113.875   -37.14   63.39
-273577.423   108.186   -15.32   47.05
-273206.027   114.130    16.00   54.92
-272834.565   126.173    32.41   62.16
-272463.037   134.586    22.64   63.06
-272091.442   159.059    65.85   78.96
-271719.782   181.864    61.35  100.89
-271348.055   187.291    14.60  105.37
-270976.262   187.899     1.64  101.24
-270604.403   161.198   -71.79   77.57
-270232.478   148.108   -35.19   64.59
-269860.486   153.096    13.41   70.12
-269488.429   168.071    40.24   72.32
-269116.304   193.517    68.36   70.97
-268744.114   212.181    50.14   57.87
-268371.856   248.418    97.32   79.38
-267999.533   278.022    79.50   89.62
-267627.143   273.677   -11.67   86.30
-267254.686   241.660   -85.94   82.09
-266882.163   209.876   -85.30   64.49
-266509.573   202.400   -20.06   53.83
-266136.916   207.827    14.56   69.87
-265764.193   224.887    45.76   90.08
-265391.403   234.022    24.50  102.72
-265018.546   202.632   -84.17   94.90
-264645.623   158.339  -118.75   88.76
-264272.632   125.010   -89.34   79.74
-263899.575    98.169   -71.93   59.37
-263526.451    86.096   -32.35   59.02
-263153.260    70.913   -40.68   52.21
-262780.002    56.083   -39.72   35.41
-262406.676    38.974   -45.82   30.50
-262033.284    26.193   -34.22   26.41
-261659.825    15.287   -29.20   19.98
-261286.299     6.449   -23.66   10.13
-260912.705     1.430   -13.43    3.37
-260539.044     0.220    -3.24    0.60
-260165.316     0.108    -0.30    0.40
-259791.521     0.047    -0.16    0.29
-259417.659     0.022    -0.07    0.19
-259043.729     0.023     0.00    0.19
-258669.731     1.141     2.99    3.67
-258295.667     6.948    15.52   13.00
-257921.534    27.047    53.71   36.72
-257547.335    74.161   125.88   83.75
-257173.068   116.468   113.02   95.12
-256798.733   140.226    63.46   96.57
-256424.330   146.414    16.52   89.42
-256049.860   118.783   -73.77   61.45
-255675.323   109.529   -24.70   37.78
-255300.717   122.781    35.37   30.99
-254926.044   145.598    60.89   39.59
-254551.303   183.870   102.11   51.87
-254176.495   229.608   122.00   56.66
-253801.618   284.155   145.48   59.93
-253426.674   356.150   191.98   92.76
-253051.661   434.370   208.54  104.11
-252676.581   471.391    98.68   86.86
-252301.432   449.524   -58.28  105.52
-251926.216   358.574  -242.34  130.00
-251550.931   265.858  -247.01  104.53
-251175.579   193.974  -191.47   90.34
-250800.158   130.751  -168.37   54.35
-250424.669   100.056   -81.73   30.29
-250049.112    84.430   -41.60    5.14
-249673.486    88.406    10.58   17.37
-249297.793   124.827    96.93   70.81
-248922.031   179.879   146.48  104.24
-248546.200   241.973   165.19  111.50
-248170.301   277.331    94.04   95.76
-247794.334   288.179    28.85   81.36
-247418.298   289.242     2.83   58.46
-247042.194   302.108    34.20   58.54
-246666.021   318.547    43.69   67.64
-246289.779   307.974   -28.10   68.98
-245913.469   289.208   -49.86   58.22
-245537.090   295.648    17.11   63.87
-245160.643   331.159    94.31   80.69
-244784.126   394.331   167.75   96.17
-244407.541   480.924   229.90  108.51
-244030.887   563.835   220.08  107.56
-243654.164   575.838    31.86  111.43
-243277.373   517.578  -154.59  165.99
-242900.512   409.859  -285.78  174.21
-242523.582   296.831  -299.81   99.61
-242146.584   238.524  -154.63   55.67
-241769.516   200.612  -100.52   51.00
-241392.379   172.114   -75.55   38.01
-241015.173   155.327   -44.50   34.03
-240637.898   140.345   -39.70   31.87
-240260.554   125.400   -39.60   27.71
-239883.141   108.859   -43.82   19.83
-239505.658   100.805   -21.33   13.88
-239128.106    96.328   -11.86   12.19
-238750.484   105.593    24.53   27.74
-238372.793   148.355   113.20   82.31
-237995.033   204.383   148.29  108.01
-237617.203   253.492   129.95   89.42
-237239.304   258.352    12.86   72.29
-236861.335   217.730  -107.45   80.82
-236483.296   171.217  -123.01   64.92
-236105.188   144.574   -70.45   39.79
-235727.011   151.257    17.67   56.01
-235348.763   177.665    69.80   74.74
-234970.446   207.073    77.72   87.30
-234592.059   246.645   104.56  101.98
-234213.602   280.704    89.98  102.00
-233835.076   276.672   -10.65  104.79
-233456.479   254.537   -58.46  136.11
-233077.813   188.809  -173.54  127.03
-232699.076   138.838  -131.92   76.79
-232320.270   161.406    59.57  108.06
-231941.393   250.156   234.20  156.28
-231562.447   331.193   213.81  152.34
-231183.430   398.059   176.39  121.02
-230804.343   417.901    52.33   91.96
-230425.186   412.950   -13.06   93.80
-230045.958   400.122   -33.82  104.11
-229666.661   394.245   -15.49  119.11
-229287.293   425.839    83.27  144.58
-228907.854   456.455    80.67  145.07
-228528.346   453.707    -7.24  137.52
-228148.767   431.692   -57.99  135.27
-227769.117   379.242  -138.13  129.98
-227389.397   316.998  -163.89  105.23
-227009.606   265.252  -136.22  105.04
-226629.745   210.621  -143.79   96.74
-226249.813   166.205  -116.88   81.09
-225869.810   138.120   -73.89   63.15
-225489.737   116.486   -56.91   48.27
-225118.214   103.600   -34.68   36.23
-224751.616   104.547     2.58   30.18
-224384.954   122.171    48.06   48.96
-224018.226   181.233   161.02   84.19
-223651.433   248.339   182.92   99.83
-223284.575   311.909   173.25  102.42
-222917.652   342.986    84.68  113.42
-222550.663   360.460    47.61  127.19
-222183.609   337.456   -62.66  121.27
-221816.489   313.332   -65.70  104.08
-221449.304   284.315   -79.01   86.05
-221082.054   251.923   -88.19   63.90
-220714.738   225.486   -71.96   35.94
-220347.356   210.058   -41.99   17.00
-219979.909   202.339   -21.00    5.75
-219612.396   201.986    -0.96    5.97
-219244.818   204.571     7.03    8.68
-218877.174   208.793    11.48   10.26
-218509.464   219.853    30.07   14.08
-218141.689   229.596    26.49   17.94
-217773.847   247.566    48.85   27.13
-217405.940   270.449    62.19   34.59
-217037.967   302.275    86.47   42.20
-216669.928   338.695    98.94   62.56
-216301.824   388.751   135.96   80.60
-215933.653   427.900   106.32   72.86
-215565.416   444.648    45.47   66.77
-215197.113   425.939   -50.79   71.62
-214828.744   394.922   -84.18   69.48
-214460.309   356.486  -104.31   71.29
-214091.808   340.742   -42.72   73.97
-213723.241   333.892   -18.58   59.41
-213354.607   339.176    14.33   65.30
-212985.907   368.535    79.61   74.30
-212617.141   400.961    87.92   61.90
-212248.309   413.078    32.85   56.07
-211879.410   420.665    20.56   53.60
-211510.445   424.864    11.38   61.07
-211141.414   435.303    28.28   73.96
-210772.315   456.227    56.68   67.20
-210403.151   452.925    -8.94   66.55
-210033.920   436.010   -45.80   60.16
-209664.622   410.035   -70.32   62.41
-209295.258   356.058  -146.11   77.38
-208925.827   318.359  -102.03   83.28
-208556.329   283.652   -93.91   83.06
-208186.765   259.608   -65.05   91.02
-207817.134   235.315   -65.71   89.17
-207447.436   213.343   -59.42   71.78
-207077.671   187.672   -69.41   43.12
-206707.840   181.539   -16.58   46.08
-206337.941   185.603    10.99   55.84
-205967.976   189.388    10.23   69.61
-205597.943   206.388    45.93   97.92
-205227.844   229.369    62.08  127.74
-204857.678   239.811    28.20  130.88
-204487.444   219.900   -53.77  114.58
-204117.143   191.323   -77.16  100.51
-203746.776   160.127   -84.22   78.61
-203376.341   131.429   -77.46   59.12
-203005.838   103.081   -76.50   41.19
-202635.269    82.138   -56.51   26.91
-202264.632    68.303   -37.32   13.58
-201893.928    62.460   -15.76    5.70
-201523.157    63.986     4.11    7.67
-201152.318    71.593    20.51   11.96
-200781.411    86.727    40.80   22.51
-200410.437   109.345    60.96   32.47
-200039.396   154.449   121.54   66.33
-199668.287   212.378   156.07   89.44
-199297.111   284.080   193.14  109.11
-198925.866   345.196   164.60   92.31
-198554.555   392.700   127.92   83.93
-198183.175   419.847    73.08   73.53
-197811.728   430.081    27.55   74.36
-197440.213   449.726    52.87   96.32
-197068.630   439.974   -26.24  107.91
-196696.979   446.480    17.50  108.34
-196325.260   458.046    31.11  109.75
-195953.474   463.803    15.48  117.21
-195581.619   441.009   -61.29  117.91
-195209.697   378.591  -167.80  109.46
-194837.706   320.022  -157.42   99.18
-194465.648   285.156   -93.70  105.86
-194093.521   227.079  -156.05  106.38
-193721.326   183.776  -116.33   95.14
-193349.063   149.888   -91.02   89.97
-192976.731   124.217   -68.94   80.53
-192604.332    94.786   -79.02   66.57
-192231.864    73.383   -57.45   49.67
-191859.328    53.901   -52.29   27.16
-191486.723    45.486   -22.58   13.20
-191114.050    44.209    -3.42    9.13
-190741.308    45.292     2.90    7.36
-190368.498    48.605     8.89    6.09
-189995.620    49.723     3.00    6.09
-189622.673    45.641   -10.95    8.24
-189249.657    41.544   -10.98    7.95
-188876.573    39.010    -6.79    5.25
-188503.420    39.899     2.38    5.12
-188130.198    47.914    21.47   17.48
-187756.907    67.621    52.78   46.70
-187383.548    97.021    78.73   75.01
-187010.120   122.986    69.52   90.55
-186636.623   134.129    29.83   83.86
-186263.057   161.672    73.72   95.99
-185889.422   196.253    92.54  121.26
-185515.718   249.278   141.87  143.64
-185141.946   310.900   164.84  159.27
-184768.104   339.986    77.79  157.96
-184394.193   327.753   -32.71  153.08
-184020.212   294.852   -87.96  135.94
-183646.163   239.831  -147.07  110.24
-183272.045   212.146   -73.99   97.74
-182897.857   180.614   -84.26   90.16
-182523.600   151.685   -77.29   80.88
-182149.273   125.855   -68.99   65.60
-181774.877   101.034   -66.29   41.05
-181400.412    85.652   -41.07   25.23
-181025.878    80.120   -14.77   16.12
-180651.273    77.103    -8.05   10.78
-180276.600    77.023    -0.21   10.23
-179901.857    76.239    -2.09    9.16
-179527.044    75.348    -2.38    7.36
-179152.161    75.649     0.80    5.83
-178777.209    75.783     0.36    5.97
-178402.187    76.319     1.43    7.60
-178027.096    77.048     1.94    8.55
-177651.934    77.080     0.08    7.40
-177276.703    78.037     2.55    5.82
-176901.402    80.939     7.73    5.68
-176526.031    83.524     6.89    4.02
-176150.590    84.265     1.97    3.31
-175775.079    84.011    -0.68    4.94
-175399.498    83.539    -1.26    6.20
-175023.847    83.809     0.72    6.34
-174648.126    84.350     1.44    5.75
-174272.334    83.418    -2.48    7.12
-173896.473    81.905    -4.02    7.55
-173520.541    79.714    -5.83    7.15
-173144.539    77.498    -5.89    5.72
-172768.467    78.413     2.43    8.02
-172392.324    80.486     5.51    9.50
-172016.111    84.414    10.44   10.16
-171639.828    88.712    11.42   11.04
-171263.474    93.754    13.40   11.60
-170887.050    96.221     6.55   11.32
-170510.555    96.765     1.44   10.18
-170133.989    96.853     0.23    7.93
-169757.353    92.468   -11.64    8.62
-169380.647    88.010   -11.83    8.92
-169003.869    85.303    -7.18    7.89
-168627.021    80.865   -11.78    8.07
-168250.102    73.833   -18.66    9.16
-167873.112    68.997   -12.82    9.29
-167496.052    64.315   -12.42    6.22
-167118.920    61.864    -6.50    3.34
-166741.718    61.105    -2.01    2.76
-166364.444    59.376    -4.58    3.69
-165987.100    56.250    -8.28    5.07
-165609.684    54.023    -5.90    4.61
-165232.198    52.236    -4.73    3.99
-164854.640    51.373    -2.28    3.08
-164477.011    53.127     4.64    4.28
-164099.311    55.573     6.48    4.62
-163721.539    57.951     6.29    4.51
-163343.697    61.112     8.37    4.38
-162965.783    62.315     3.18    3.90
-162587.797    62.938     1.65    4.53
-162209.740    62.672    -0.70    5.03
-161831.612    62.702     0.08    5.28
-161453.412    63.152     1.19    5.02
-161075.141    62.685    -1.24    5.62
-160696.798    59.648    -8.02    7.94
-160318.384    54.183   -14.44    8.34
-159939.898    48.672   -14.56    6.37
-159561.340    43.721   -13.08    5.64
-159182.710    40.230    -9.22    5.73
-158804.009    38.068    -5.71    5.15
-158425.236    36.156    -5.05    3.74
-158046.391    35.776    -1.00    3.42
-157667.474    35.535    -0.64    3.84
-157288.485    32.497    -8.01    5.08
-156909.424    28.441   -10.70    6.00
-156530.291    24.609   -10.11    5.65
-156151.086    21.448    -8.33    4.90
-155771.809    18.462    -7.87    4.51
-155392.460    17.336    -2.97    3.80
-155013.038    17.938     1.59    3.45
-154633.545    17.913    -0.07    3.45
-154253.979    19.560     4.34    3.89
-153874.340    21.962     6.33    3.87
-153494.630    23.645     4.43    3.95
-153114.847    26.323     7.05    4.86
-152734.991    28.950     6.91    5.28
-152355.064    32.452     9.22    5.00
-151975.063    35.681     8.50    3.51
-151594.990    37.739     5.41    3.54
-151214.845    40.162     6.37    4.29
-150834.626    42.195     5.35    3.63
-150459.008    42.022    -0.46    4.51
-150092.620    41.664    -0.98    5.19
-149726.165    40.739    -2.53    5.11
-149359.643    38.962    -4.85    4.57
-148993.054    37.867    -2.99    5.79
-148626.399    36.406    -3.98    5.60
-148259.676    35.962    -1.21    5.80
-147892.887    36.144     0.50    6.18
-147526.030    37.879     4.73    5.71
-147159.107    39.266     3.78    4.38
-146792.116    38.733    -1.45    4.05
-146425.059    37.535    -3.26    4.14
-146057.934    36.358    -3.20    3.87
-145690.742    36.386     0.08    3.86
-145323.483    38.135     4.76    4.73
-144956.157    40.406     6.18    6.36
-144588.763    42.858     6.67    5.94
-144221.302    44.717     5.06    5.73
-143853.774    45.998     3.48    5.18
-143486.178    45.829    -0.46    4.88
-143118.515    44.656    -3.19    5.86
-142750.785    43.668    -2.69    8.34
-142382.987    40.843    -7.68    9.47
-142015.121    38.335    -6.82    9.90
-141647.188    33.962   -11.88    9.51
-141279.187    28.362   -15.22    8.74
-140911.119    21.266   -19.28    8.57
-140542.983    16.124   -13.97    6.88
-140174.779    11.724   -11.95    4.94
-139806.508     9.544    -5.92    4.04
-139438.168     9.011    -1.45    4.43
-139069.761     8.081    -2.52    4.45
-138701.286     6.736    -3.65    4.04
-138332.743     6.492    -0.66    3.77
-137964.133     7.134     1.74    3.84
-137595.454     8.300     3.16    4.35
-137226.707    10.215     5.19    5.66
-136857.892    15.195    13.50    7.97
-136489.009    19.386    11.36    7.66
-136120.058    22.285     7.86    6.49
-135751.038    21.709    -1.56    6.91
-135381.951    21.411    -0.81    6.53
-135012.795    20.070    -3.63    4.93
-134643.571    19.045    -2.78    4.24
-134274.279    18.236    -2.19    4.88
-133904.918    15.355    -7.80    5.93
-133535.489    12.605    -7.44    5.08
-133165.991    11.044    -4.22    3.44
-132796.425    11.021    -0.06    3.11
-132426.791    10.571    -1.22    3.72
-132057.088    10.045    -1.42    4.24
-131687.316     9.181    -2.34    4.43
-131317.476    11.848     7.21    7.91
-130947.567    18.085    16.86   10.26
-130577.589    22.637    12.30    9.85
-130207.543    26.398    10.16    6.32
-129837.427    26.122    -0.75    5.90
-129467.243    25.048    -2.90    6.34
-129096.990    25.103     0.15    6.44
-128726.669    26.361     3.39    6.08
-128356.278    28.021     4.48    6.19
-127985.818    28.381     0.97    4.92
-127615.290    27.672    -1.91    5.41
-127244.692    27.355    -0.86    6.11
-126874.025    23.940    -9.21    9.28
-126503.289    19.730   -11.35    9.73
-126132.484    17.236    -6.72    9.19
-125761.610    14.771    -6.64    7.42
-125390.666    14.101    -1.81    6.67
-125019.654    16.311     5.96    7.37
-124648.572    16.742     1.16    7.43
-124277.420    16.227    -1.39    7.13
-123906.199    14.209    -5.43    7.53
-123534.909    12.893    -3.55    5.68
-123163.549    13.251     0.96    4.51
-122792.120    14.974     4.64    4.06
-122420.621    16.055     2.91    4.24
-122049.053    16.271     0.58    5.26
-121677.415    16.997     1.95    6.50
-121305.707    16.599    -1.07    7.66
-120933.929    15.106    -4.02    8.52
-120562.082    14.311    -2.14    7.96
-120190.165    13.939    -1.00    6.51
-119818.179    13.915    -0.06    4.96
-119446.122    14.200     0.77    4.57
-119073.995    15.009     2.17    5.24
-118701.799    16.166     3.11    5.81
-118329.533    18.044     5.04    6.01
-117957.196    20.230     5.87    4.62
-117584.790    21.342     2.99    4.66
-117212.313    20.962    -1.02    5.37
-116839.766    20.807    -0.41    5.44
-116467.149    21.046     0.64    5.15
-116094.462    21.239     0.52    4.45
-115721.705    23.379     5.74    3.96
-115348.877    25.451     5.56    5.16
-114975.979    28.660     8.61    7.26
-114603.010    32.916    11.41    8.88
-114229.972    35.432     6.74    8.59
-113856.862    33.618    -4.86    9.09
-113483.683    30.528    -8.28    9.14
-113110.432    26.009   -12.11    6.21
-112737.111    23.517    -6.68    1.66
-112363.720    23.381    -0.36    1.97
-111990.258    22.413    -2.59    3.54
-111616.725    20.101    -6.19    5.16
-111243.121    17.171    -7.84    7.18
-110869.447    16.439    -1.96    7.53
-110495.702    16.307    -0.35    7.48
-110121.886    19.567     8.72    8.42
-109747.999    23.467    10.43    7.95
-109374.041    24.629     3.11    7.77
-109000.012    23.492    -3.04    8.77
-108625.912    20.218    -8.75    7.77
-108251.741    20.196    -0.06    7.62
-107877.499    21.905     4.57    8.34
-107503.186    23.406     4.01    7.84
-107128.802    23.606     0.54    7.26
-106754.346    23.788     0.49    6.52
-106379.819    24.102     0.84    5.96
-106005.221    26.535     6.49    7.21
-105630.552    30.683    11.07    7.57
-105255.811    36.624    15.85    8.92
-104880.999    39.687     8.17    8.53
-104506.115    41.191     4.01    8.36
-104131.160    41.114    -0.21    7.63
-103756.133    40.251    -2.30    5.80
-103381.035    38.811    -3.84    6.29
-103005.865    39.795     2.62    6.13
-102630.623    39.928     0.35    6.29
-102255.310    39.343    -1.56    5.39
-101879.925    38.821    -1.39    4.88
-101504.468    36.986    -4.89    5.10
-101128.940    34.377    -6.95    6.27
-100753.339    31.315    -8.15    5.67
-100377.667    29.928    -3.69    5.09
-100001.922    27.346    -6.87    4.43
 -99626.106    26.514    -2.21    3.50
 -99250.217    26.217    -0.79    3.25
 -98874.257    27.090     2.32    4.23
 -98498.224    27.183     0.25    4.12
 -98122.120    26.786    -1.06    4.25
 -97745.943    25.974    -2.16    3.90
 -97369.693    24.721    -3.33    2.99
 -96993.372    24.335    -1.03    2.89
 -96616.978    24.486     0.40    2.89
 -96240.512    23.940    -1.45    3.19
 -95863.973    22.251    -4.49    2.97
 -95487.362    21.480    -2.05    3.34
 -95110.679    21.849     0.98    4.14
 -94733.923    20.950    -2.39    4.75
 -94357.094    19.928    -2.71    4.98
 -93980.193    19.451    -1.26    5.30
 -93603.219    18.769    -1.81    5.46
 -93226.173    17.395    -3.64    5.51
 -92849.053    16.550    -2.24    6.34
 -92471.861    14.859    -4.48    4.60
 -92094.596    14.242    -1.64    3.21
 -91717.259    15.537     3.43    3.59
 -91339.848    15.891     0.94    3.06
 -90962.364    16.342     1.20    3.10
 -90584.808    16.486     0.38    3.13
 -90207.178    16.641     0.41    3.43
 -89829.475    16.467    -0.46    3.36
 -89451.699    14.089    -6.29    4.97
 -89073.850    11.611    -6.56    5.17
 -88695.928     9.065    -6.73    3.90
 -88317.933     8.111    -2.53    3.06
 -87939.864     9.066     2.53    3.25
 -87561.722    11.154     5.52    3.48
 -87183.507    11.940     2.08    3.14
 -86805.218    10.426    -4.00    4.09
 -86426.855     9.204    -3.23    4.51
 -86048.420     8.093    -2.94    4.13
 -85669.910     9.521     3.77    5.57
 -85291.327    13.846    11.42    7.05
 -84912.671    17.127     8.66    5.15
 -84533.941    18.395     3.35    2.86
 -84155.137    18.154    -0.63    2.45
 -83776.259    17.914    -0.63    2.07
 -83397.308    16.790    -2.97    3.01
 -83018.282    15.135    -4.37    4.26
 -82639.183    14.212    -2.44    4.48
 -82260.010    13.827    -1.02    4.37
 -81880.763    14.562     1.94    4.06
 -81501.442    16.508     5.13    4.49
 -81122.047    17.795     3.39    5.01
 -80742.577    16.354    -3.80    6.00
 -80363.034    13.726    -6.92    5.46
 -79983.416    12.133    -4.20    3.65
 -79603.725    12.073    -0.16    3.72
 -79223.959    12.469     1.04    3.26
 -78844.118    12.571     0.27    2.80
 -78464.203    10.963    -4.23    2.85
 -78084.214     9.688    -3.35    2.02
 -77704.151     9.565    -0.32    1.92
 -77324.013     9.925     0.95    2.04
 -76943.800    10.713     2.07    1.97
 -76563.513    11.395     1.79    1.80
 -76183.151    11.676     0.74    1.61
 -75803.077    11.166    -1.34    1.79
 -75436.901    10.102    -2.90    2.04
 -75070.657     8.843    -3.44    1.96
 -74704.343     7.440    -3.83    2.06
 -74337.962     6.450    -2.70    2.38
 -73971.512     5.929    -1.42    2.31
 -73604.993     5.681    -0.68    2.40
 -73238.406     5.675    -0.01    2.11
 -72871.750     6.132     1.25    1.70
 -72505.026     6.645     1.40    2.05
 -72138.233     8.069     3.88    2.88
 -71771.371     8.800     1.99    2.81
 -71404.440     8.346    -1.24    2.90
 -71037.441     7.774    -1.56    2.74
 -70670.372     7.418    -0.97    2.43
 -70303.235     8.588     3.19    3.85
 -69936.029    11.089     6.81    5.40
 -69568.754    14.567     9.47    6.11
 -69201.410    17.293     7.42    5.87
 -68833.996    20.200     7.91    5.67
 -68466.514    21.975     4.83    5.42
 -68098.963    23.839     5.07    5.15
 -67731.342    25.008     3.18    6.69
 -67363.652    25.331     0.88    7.00
 -66995.893    24.974    -0.97    6.17
 -66628.065    23.176    -4.89    4.93
 -66260.167    21.253    -5.23    6.14
 -65892.200    20.129    -3.06    5.98
 -65524.164    18.469    -4.51    5.71
 -65156.058    16.859    -4.37    3.83
 -64787.883    16.621    -0.65    2.05
 -64419.638    16.781     0.43    1.87
 -64051.324    17.871     2.96    2.88
 -63682.940    20.149     6.18    5.04
 -63314.486    23.462     8.99    6.85
 -62945.963    26.020     6.94    7.04
 -62577.370    29.564     9.61    5.39
 -62208.707    31.179     4.38    4.17
 -61839.974    33.242     5.59    4.64
 -61471.172    33.308     0.18    6.00
 -61102.300    32.669    -1.73    7.51
 -60733.358    31.009    -4.50    8.49
 -60364.345    29.652    -3.68    8.33
 -59995.263    27.656    -5.41    7.66
 -59626.111    25.811    -5.00    7.43
 -59256.889    22.906    -7.87    6.55
 -58887.597    19.672    -8.76    4.43
 -58518.234    18.289    -3.75    3.36
 -58148.802    17.747    -1.47    2.91
 -57779.299    17.762     0.04    3.01
 -57409.726    18.289     1.43    3.69
 -57040.082    18.101    -0.51    3.89
 -56670.368    17.526    -1.55    3.80
 -56300.584    17.369    -0.42    3.40
 -55930.730    16.747    -1.68    2.80
 -55560.804    16.117    -1.70    3.18
 -55190.809    16.702     1.58    4.02
 -54820.743    17.400     1.89    4.47
 -54450.606    18.886     4.01    5.35
 -54080.399    21.827     7.95    6.02
 -53710.121    25.190     9.08    6.12
 -53339.772    26.620     3.86    5.18
 -52969.352    24.767    -5.00    6.06
 -52598.862    21.660    -8.39    6.14
 -52228.301    18.520    -8.47    3.91
 -51857.669    17.668    -2.30    2.71
 -51486.966    18.474     2.17    3.05
 -51116.192    19.871     3.77    3.62
 -50745.347    22.156     6.16    3.78
 -50374.431    23.102     2.55    3.69
 -50003.444    23.503     1.08    3.62
 -49632.386    24.418     2.46    3.62
 -49261.257    25.076     1.77    3.52
 -48890.057    24.292    -2.11    4.50
 -48518.785    23.531    -2.05    5.49
 -48147.442    21.088    -6.58    5.06
 -47776.028    17.894    -8.60    2.52
 -47404.542    17.379    -1.39    2.85
 -47032.985    15.881    -4.03    2.96
 -46661.357    15.207    -1.81    2.47
 -46289.657    16.195     2.66    3.14
 -45917.885    17.055     2.31    3.28
 -45546.042    17.998     2.54    3.26
 -45174.128    18.008     0.03    3.39
 -44802.141    16.198    -4.87    3.67
 -44430.083    15.664    -1.44    3.62
 -44057.954    15.609    -0.15    3.15
 -43685.752    15.836     0.61    3.18
 -43313.479    15.681    -0.42    3.78
 -42941.134    12.793    -7.76    5.56
 -42568.717     9.291    -9.40    4.80
 -42196.228     7.474    -4.88    3.07
 -41823.667     8.093     1.66    3.44
 -41451.034     9.491     3.75    3.73
 -41078.329    10.311     2.20    3.46
 -40705.552     9.906    -1.09    3.28
 -40332.703     9.156    -2.01    2.92
 -39959.781     8.793    -0.98    1.77
 -39586.787     7.998    -2.13    2.23
 -39213.721     7.190    -2.16    2.82
 -38840.583     6.974    -0.58    2.85
 -38467.373     7.064     0.24    2.66
 -38094.090     7.303     0.64    2.25
 -37720.734     7.202    -0.27    2.25
 -37347.306     6.835    -0.98    2.29
 -36973.806     6.497    -0.90    2.38
 -36600.233     6.195    -0.81    2.52
 -36226.587     6.122    -0.20    2.87
 -35852.869     6.044    -0.21    3.15
 -35479.078     4.838    -3.23    3.05
 -35105.214     4.398    -1.18    3.01
 -34731.278     5.168     2.06    3.42
 -34357.268     5.262     0.25    3.71
 -33983.186     5.560     0.80    3.63
 -33609.031     5.462    -0.26    3.27
 -33234.803     4.849    -1.64    2.62
 -32860.502     4.790    -0.16    2.33
 -32486.128     4.111    -1.82    2.62
 -32111.681     2.641    -3.93    3.05
 -31737.161     1.475    -3.11    3.33
 -31362.568     0.135    -3.58    2.54
 -30987.901    -0.957    -2.92    0.32
 -30613.162    -0.865     0.25    0.58
 -30238.349     1.078     5.18    3.15
 -29863.462     3.218     5.71    3.76
 -29488.503     5.354     5.69    3.43
 -29113.469     7.009     4.41    2.73
 -28738.363     6.750    -0.69    2.82
 -28363.183     5.614    -3.03    3.14
 -27987.929     5.053    -1.49    3.05
 -27612.602     4.687    -0.98    2.71
 -27237.201     4.458    -0.61    2.66
 -26861.727     5.710     3.33    2.80
 -26486.179     6.907     3.19    2.88
 -26110.557     7.997     2.90    3.01
 -25734.861     9.065     2.84    2.55
 -25359.091    10.147     2.88    2.43
 -24983.248    10.097    -0.13    2.56
 -24607.330    10.242     0.38    2.76
 -24231.339    10.668     1.13    2.74
 -23855.274     9.606    -2.82    2.93
 -23479.134     8.338    -3.37    2.61
 -23102.921     7.614    -1.93    2.48
 -22726.633     7.474    -0.37    2.69
 -22350.271     8.009     1.42    3.68
 -21973.835     7.730    -0.74    3.74
 -21597.325     7.474    -0.68    3.62
 -21220.740     7.133    -0.90    2.83
 -20844.081     6.802    -0.88    2.13
 -20467.347     6.452    -0.93    2.55
 -20090.540     6.056    -1.05    2.51
 -19713.657     5.520    -1.42    2.89
 -19336.700     5.902     1.01    3.36
 -18959.669     7.577     4.44    4.07
 -18582.563     9.748     5.76    4.26
 -18205.382    12.300     6.77    3.97
 -17828.126    14.438     5.67    4.20
 -17450.796    17.315     7.63    4.44
 -17073.391    20.891     9.47    4.60
 -16695.911    24.861    10.52    5.51
 -16318.356    29.608    12.57    6.45
 -15940.726    33.952    11.50    7.98
 -15563.022    38.504    12.05    9.34
 -15185.242    42.802    11.38    9.16
 -14807.387    45.492     7.12   10.10
 -14429.457    46.019     1.40    9.12
 -14051.452    46.892     2.31    8.37
 -13673.372    48.975     5.51    9.96
 -13295.216    52.300     8.79   11.64
 -12916.986    55.041     7.25   10.79
 -12538.680    53.835    -3.19    9.98
 -12160.298    52.679    -3.05    7.87
 -11781.841    50.102    -6.81    6.23
 -11403.309    49.168    -2.47    4.84
 -11024.701    49.216     0.13    4.27
 -10646.017    50.452     3.26    3.99
 -10267.258    53.611     8.34    5.54
  -9888.424    56.152     6.71    5.87
  -9509.513    57.997     4.87    6.39
  -9130.527    57.906    -0.24    7.43
  -8751.465    56.491    -3.73    8.43
  -8372.327    55.838    -1.72    8.42
  -7993.114    53.975    -4.91    7.59
  -7613.824    52.716    -3.32    8.14
  -7234.459    49.383    -8.78   10.06
  -6855.017    45.335   -10.67   11.71
  -6475.500    40.054   -13.91   11.98
  -6095.906    35.105   -13.04   12.02
  -5716.236    30.345   -12.54   12.26
  -5336.490    25.528   -12.69   10.90
  -4956.668    19.315   -16.36   11.33
  -4576.770    13.688   -14.81    9.63
  -4196.795     9.830   -10.15    6.66
  -3816.744    10.462     1.66    7.30
  -3436.616    16.788    16.64   10.30
  -3056.412    23.492    17.63   10.70
  -2676.132    30.919    19.53   13.86
  -2295.775    30.776    -0.38   16.64
  -1915.341    26.278   -11.82   19.98
  -1534.831    19.474   -17.88   20.70
  -1154.244    12.767   -17.62   17.37
   -784.006     7.078   -15.37   13.01
   -417.980     3.741    -9.12    8.64
    -51.884     1.445    -6.27    4.78
    314.283     0.458    -2.69    1.83
    680.520     0.224    -0.64    1.00
   1046.827     0.249     0.07    0.98
   1413.204     0.250     0.00    0.99
   1779.651     0.219    -0.08    0.72
   2146.169     0.469     0.68    1.33
   2512.757     3.756     8.97    6.47
   2879.416     9.064    14.48    9.78
   3246.145    14.952    16.06    9.60
   3612.944    20.727    15.75    7.19
   3979.814    23.428     7.36    5.28
   4346.755    21.440    -5.42    6.18
   4713.766    18.600    -7.74    7.55
   5080.848    13.121   -14.93    7.99
   5448.001     8.407   -12.84    6.23
   5815.224     9.716     3.56    8.18
   6182.518    14.469    12.94   11.43
   6549.883    21.401    18.87   11.46
   6917.319    27.352    16.20    7.78
   7284.826    31.341    10.85    4.18
   7652.403    32.963     4.41    4.63
   8020.052    33.066     0.28    4.55
   8387.772    32.671    -1.07    4.70
   8755.563    32.508    -0.44    4.78
   9123.424    32.799     0.79    4.70
   9491.357    34.683     5.12    6.75
   9859.362    41.551    18.66   10.85
  10227.437    48.819    19.75    8.81
  10595.584    51.247     6.60    6.96
  10963.802    50.974    -0.74    7.37
  11332.091    48.357    -7.11    7.34
  11700.452    48.055    -0.82    7.02
  12068.884    50.622     6.97    8.44
  12437.388    52.429     4.90    7.84
  12805.963    53.179     2.03    6.01
  13174.610    51.199    -5.37    6.91
  13543.328    47.400   -10.31    6.86
  13912.119    44.851    -6.91    5.35
  14280.980    42.748    -5.70    4.97
  14649.914    40.525    -6.02    3.71
  15018.919    39.843    -1.85    2.84
  15387.996    39.897     0.15    2.84
  15757.145    40.926     2.79    3.56
  16126.366    42.217     3.49    5.25
  16495.658    43.560     3.64    5.54
  16865.023    41.986    -4.26    6.63
  17234.460    38.952    -8.21    8.04
  17603.969    34.626   -11.71    8.16
  17973.550    30.078   -12.31    6.87
  18343.203    27.233    -7.70    4.53
  18712.928    26.764    -1.27    3.62
  19082.725    26.615    -0.40    3.14
  19452.595    26.819     0.55    3.06
  19822.537    26.885     0.18    3.42
  20192.552    27.064     0.48    3.87
  20562.638    27.216     0.41    4.13
  20932.798    26.649    -1.53    4.13
  21303.029    26.497    -0.41    3.40
  21673.334    26.300    -0.53    2.48
  22043.710    26.379     0.21    2.17
  22414.160    26.716     0.91    2.07
  22784.682    26.283    -1.17    3.35
  23155.277    24.630    -4.46    5.20
  23525.944    24.462    -0.45    5.23
  23896.685    23.744    -1.94    4.93
  24267.498    23.531    -0.57    5.00
  24638.384    23.452    -0.21    4.81
  25009.343    23.370    -0.22    4.69
  25380.375    23.341    -0.08    4.58
  25751.479    24.611     3.42    3.56
  26122.657    25.940     3.58    0.21
  26493.908    25.986     0.12    0.00
  26865.232    25.986     0.00    0.00
  27236.630    25.986     0.00    0.00
  27608.100    25.986     0.00    0.00
  27979.644    25.986     0.00    0.00
  28351.261    25.986     0.00    0.00
  28722.951    25.986     0.00    0.00
  29094.715    26.009     0.06    0.15
  29466.552    26.230     0.59    0.43
  29838.463    26.343     0.30    0.79
  30210.447    25.480    -2.32    2.00
  30582.505    24.462    -2.74    2.44
  30954.636    23.716    -2.00    2.35
  31326.841    23.498    -0.59    2.25
  31699.119    24.608     2.98    2.48
  32071.472    25.807     3.22    2.10
  32443.898    26.612     2.16    1.27
  32816.398    26.986     1.00    0.00
  33188.972    26.986     0.00    0.00
  33561.619    26.986     0.00    0.00
  33934.341    27.271     0.77    1.14
  34307.137    27.338     0.18    1.20
  34680.006    27.491     0.41    1.45
  35052.950    27.446    -0.12    1.29
  35425.968    27.564     0.32    1.48
  35799.060    27.377    -0.50    1.57
  36172.226    27.597     0.59    1.91
  36545.467    28.031     1.16    2.47
  36918.781    28.076     0.12    2.52
  37292.170    28.175     0.27    2.57
  37665.634    28.289     0.31    3.05
  38039.172    28.199    -0.24    2.83
  38412.784    28.156    -0.12    2.81
  38786.471    27.686    -1.26    3.19
  39160.233    27.917     0.62    3.13
  39534.069    27.458    -1.23    3.25
  39907.979    27.281    -0.47    3.21
  40281.965    26.667    -1.64    3.14
  40656.025    26.112    -1.48    3.38
  41030.160    26.788     1.81    3.95
  41404.370    26.905     0.31    4.21
  41778.654    28.217     3.50    4.23
  42153.014    28.452     0.63    4.08
  42527.448    28.162    -0.77    3.76
  42901.958    28.682     1.39    3.28
  43276.542    28.645    -0.10    3.07
  43651.202    28.143    -1.34    2.60
  44025.937    28.579     1.16    2.86
  44400.747    29.645     2.84    3.44
  44775.632    32.469     7.53    5.59
  45150.593    36.595    11.00    7.43
  45525.628    41.507    13.10    8.93
  45900.740    47.045    14.76    8.89
  46275.926    50.430     9.02    7.95
  46651.188    50.152    -0.74    8.52
  47026.526    44.435   -15.23   11.31
  47401.939    37.444   -18.62   10.33
  47777.427    33.199   -11.30    7.82
  48152.992    30.414    -7.42    4.23
  48528.632    29.768    -1.72    2.87
  48904.347    29.727    -0.11    2.87
  49280.139    29.678    -0.13    3.03
  49656.006    29.545    -0.35    3.14
  50031.949    29.388    -0.42    3.14
  50407.968    29.462     0.20    3.36
  50784.063    30.160     1.85    3.73
  51160.234    30.567     1.08    3.60
  51536.481    30.366    -0.53    3.24
  51912.805    30.230    -0.36    3.45
  52289.204    30.247     0.04    3.99
  52665.679    30.319     0.19    4.19
  53042.231    30.854     1.42    3.49
  53418.859    31.092     0.63    3.29
  53795.563    30.203    -2.36    3.68
  54172.344    30.433     0.61    4.61
  54549.201    30.019    -1.10    4.52
  54926.134    29.438    -1.54    3.71
  55303.144    28.379    -2.81    2.64
  55680.231    28.056    -0.86    2.51
  56057.394    28.727     1.78    2.91
  56434.634    29.527     2.12    3.17
  56811.950    30.130     1.60    2.66
  57189.344    32.204     5.50    6.17
  57566.814    36.703    11.92   10.03
  57944.360    41.549    12.84   10.09
  58321.984    43.645     5.55    8.94
  58699.685    42.491    -3.05    9.88
  59077.462    38.997    -9.25   10.03
  59455.317    34.752   -11.23    7.69
  59833.248    31.524    -8.54    3.91
  60211.257    31.121    -1.07    3.04
  60589.343    31.238     0.31    3.01
  60967.506    31.941     1.86    3.33
  61345.746    32.304     0.96    3.15
  61724.064    31.552    -1.99    4.30
  62102.459    29.557    -5.27    5.34
  62480.931    28.446    -2.93    5.06
  62859.481    28.238    -0.55    4.95
  63238.108    28.406     0.44    4.87
  63616.813    28.777     0.98    4.82
  63995.596    28.750    -0.07    4.77
  64374.456    29.275     1.39    5.28
  64753.393    29.064    -0.56    5.67
  65132.409    29.355     0.77    5.72
  65511.502    30.852     3.95    4.86
  65890.673    32.384     4.04    3.30
  66269.922    33.019     1.68    2.90
  66649.248    33.061     0.11    3.18
  67028.653    33.019    -0.11    3.21
  67408.136    32.675    -0.91    2.99
  67787.696    32.118    -1.47    2.55
  68167.335    31.559    -1.47    1.59
  68547.052    30.584    -2.57    1.97
  68926.847    29.179    -3.70    3.71
  69306.721    28.605    -1.51    4.14
  69686.672    28.790     0.49    4.15
  70066.702    29.986     3.15    3.02
  70446.811    31.045     2.79    0.32
  70826.997    30.986    -0.15    0.00
  71207.263    30.986     0.00    0.00
  71587.606    30.986     0.00    0.00
  71968.029    30.986     0.00    0.00
  72348.530    31.042     0.15    0.31
  72729.109    31.404     0.95    1.16
  73109.768    32.097     1.82    2.38
  73490.505    32.400     0.80    2.76
  73865.542    32.370    -0.08    3.17
  74231.346    32.198    -0.47    3.48
  74597.222    31.986    -0.58    3.74
  74963.169    32.103     0.32    3.82
  75329.188    32.344     0.66    4.05
  75695.279    33.053     1.94    3.58
  76061.443    32.562    -1.34    3.12
  76427.678    32.608     0.13    3.04
  76793.985    32.671     0.17    2.59
  77160.364    33.359     1.88    4.79
  77526.815    34.779     3.87    6.39
  77893.339    37.140     6.44    9.11
  78259.935    40.672     9.64   12.00
  78626.603    45.757    13.87   15.32
  78993.343    52.308    17.86   18.72
  79360.156    61.230    24.33   22.64
  79727.041    70.668    25.72   26.24
  80093.998    81.738    30.17   28.82
  80461.028    91.464    26.50   28.23
  80828.130   106.093    39.85   34.58
  81195.305   126.249    54.90   42.19
  81562.553   153.008    72.87   51.18
  81929.873   175.018    59.93   55.78
  82297.266   185.172    27.64   60.45
  82664.731   177.464   -20.98   59.16
  83032.270   165.583   -32.33   49.62
  83399.881   159.667   -16.10   38.51
  83767.565   158.719    -2.58   32.21
  84135.322   168.736    27.24   32.69
  84503.152   178.708    27.11   38.08
  84871.054   199.464    56.42   45.25
  85239.030   220.486    57.13   47.39
  85607.079   236.708    44.08   47.44
  85975.201   241.464    12.92   54.56
  86343.396   239.770    -4.60   61.98
  86711.665   233.502   -17.02   57.80
  87080.006   231.346    -5.85   50.80
  87448.421   229.323    -5.49   45.89
  87816.909   233.930    12.50   47.24
  88185.471   227.931   -16.28   51.63
  88554.106   225.678    -6.11   62.49
  88922.814   222.667    -8.17   67.84
  89291.596   231.594    24.21   70.59
  89660.452   247.897    44.20   63.62
  90029.381   273.061    68.21   64.33
  90398.383   296.293    62.96   59.65
  90767.460   320.779    66.35   58.13
  91136.610   344.296    63.71   57.23
  91505.834   368.530    65.64   56.02
  91875.131   388.660    54.51   53.45
  92244.503   401.386    34.45   49.32
  92613.948   404.149     7.48   46.14
  92983.467   400.997    -8.53   51.14
  93353.061   390.656   -27.98   58.70
  93722.728   374.889   -42.66   67.30
  94092.469   352.156   -61.49   70.33
  94462.285   327.623   -66.34   65.87
  94832.175   305.052   -61.02   56.08
  95202.139   286.072   -51.31   52.28
  95572.177   265.513   -55.56   48.15
  95942.289   242.195   -63.01   44.87
  96312.476   219.315   -61.81   33.00
  96682.737   203.652   -42.31   21.48
  97053.072   201.768    -5.09   26.11
  97423.482   211.869    27.27   40.70
  97793.967   217.279    14.60   43.46
  98164.526   221.602    11.67   38.28
  98535.160   233.355    31.71   32.05
  98905.868   251.997    50.29   37.85
  99276.651   293.623   112.27   52.61
  99647.509   335.458   112.81   52.48
 100018.442   361.667    70.66   40.94
 100389.449   357.889   -10.18   41.74
 100760.531   325.282   -87.88   52.76
 101131.688   285.160  -108.11   49.80
 101502.920   252.109   -89.04   33.16
 101874.228   244.217   -21.26   32.08
 102245.610   248.270    10.91   45.72
 102617.067   248.660     1.05   51.16
 102988.599   246.064    -6.99   50.13
 103360.207   233.312   -34.32   46.76
 103731.890   213.660   -52.88   37.51
 104103.648   206.728   -18.65   29.29
 104475.481   209.369     7.11   26.71
 104847.390   230.334    56.37   37.85
 105219.375   262.497    86.47   39.44
 105591.434   280.149    47.45   39.65
 105963.569   286.997    18.40   43.24
 106335.780   302.268    41.03   47.23
 106708.067   322.686    54.85   45.61
 107080.428   330.877    22.00   35.67
 107452.866   330.599    -0.75   30.25
 107825.380   308.749   -58.66   33.52
 108197.969   294.660   -37.82   22.67
 108570.634   304.674    26.87   29.93
 108943.375   327.486    61.21   42.64
 109316.191   367.276   106.74   57.02
 109689.084   413.678   124.45   61.25
 110062.053   458.846   121.11   51.42
 110435.098   470.359    30.87   45.90
 110808.219   443.344   -72.41   71.19
 111181.416   390.222  -142.35   85.92
 111554.689   317.852  -193.89   73.25
 111928.038   257.545  -161.54   71.98
 112301.464   193.042  -172.75   69.20
 112674.966   153.888  -104.84   51.15
 113048.545   134.369   -52.25   29.51
 113422.200   158.486    64.55   46.27
 113795.931   187.858    78.60   42.69
 114169.739   197.681    26.28   39.99
 114543.624   185.497   -32.59   49.74
 114917.585   149.627   -95.93   48.58
 115291.622   119.788   -79.78   35.34
 115665.737   105.431   -38.38   27.39
 116039.928   106.838     3.76   33.04
 116414.196   113.029    16.54   33.71
 116788.541   123.730    28.59   30.64
 117162.962   133.803    26.90   20.80
 117537.461   146.375    33.57   24.70
 117912.037   169.405    61.49   48.41
 118286.689   198.616    77.98   73.86
 118661.419   227.942    78.27   80.28
 119036.226   258.236    80.83   83.91
 119411.110   303.018   119.47   93.83
 119786.071   345.975   114.57   90.55
 120161.110   389.671   116.52   90.46
 120536.226   413.685    64.02   91.69
 120911.419   426.584    34.38   84.01
 121286.690   427.160     1.54   82.63
 121662.038   412.179   -39.91   86.03
 122037.463   379.747   -86.40   86.38
 122412.966   331.459  -128.61   93.20
 122788.547   305.268   -69.74   80.61
 123164.206   289.225   -42.71   48.38
 123539.942   292.779     9.46   40.63
 123915.755   330.179    99.53   56.43
 124291.647   379.660   131.65   75.59
 124667.616   455.029   200.48   97.51
 125043.664   524.601   185.03  117.56
 125419.789   606.803   218.57  135.40
 125795.992   651.777   119.56  131.98
 126172.274   669.212    46.34  116.29
 126548.633   655.475   -36.50   97.82
 126925.070   629.824   -68.15   86.25
 127301.586   626.562    -8.67   91.67
 127678.180   631.790    13.88   89.70
 128054.852   615.681   -42.77   90.73
 128431.602   569.279  -123.18  111.89
 128808.431   496.566  -192.98   86.37
 129185.339   446.051  -134.04   27.18
 129562.324   437.642   -22.31   12.31
 129939.388   449.986    32.74   22.56
 130316.531   480.453    80.79   53.11
 130693.753   536.247   147.92   87.82
 131071.053   596.975   160.97  101.69
 131448.431   667.337   186.47  104.21
 131825.889   728.029   160.81  104.45
 132203.425   798.304   186.16  130.42
 132581.040   866.294   180.07  127.57
 132958.734   883.368    45.21  106.19
 133336.507   854.496   -76.43  123.63
 133714.359   814.599  -105.60  126.41
 134092.290   765.093  -131.01  137.66
 134470.301   697.543  -178.72  149.19
 134848.390   630.879  -176.33  123.93
 135226.558   590.952  -105.59   69.30
 135604.806   632.805   110.66  102.61
 135983.133   720.207   231.04  119.29
 136361.539   760.057   105.32   95.11
