-184059.094   171.767     0.00    6.30
-183690.594   169.119    -7.18    3.81
-183322.170   164.866   -11.55    7.55
-182953.823   158.841   -16.36   11.06
-182585.552   155.000   -10.43   11.46
-182217.359   156.032     2.80   13.05
-181849.242   159.532     9.51   12.68
-181481.202   162.969     9.34    8.67
-181113.238   161.778    -3.24    7.08
-180745.351   154.760   -19.08    8.51
-180377.540   148.637   -16.65    6.98
-180009.806   145.221    -9.29    4.67
-179642.148   143.223    -5.43    3.20
-179274.567   140.649    -7.00    5.06
-178907.062   137.084    -9.70    6.31
-178539.633   131.660   -14.77    6.60
-178172.280   125.874   -15.75    7.67
-177805.004   118.196   -20.91   10.30
-177437.804   110.656   -20.53    9.43
-177070.679   104.466   -16.86    5.78
-176703.631   101.083    -9.22    2.08
-176336.659   100.272    -2.21    1.90
-175969.762    99.500    -2.10    1.67
-175602.942    99.160    -0.93    1.29
-175236.197    99.372     0.58    1.50
-174869.529   100.885     4.13    3.39
-174502.935   103.407     6.88    4.76
-174136.418   105.510     5.74    5.13
-173769.976   107.489     5.40    3.94
-173403.610   108.463     2.66    4.73
-173037.320   111.330     7.83    6.81
-172671.104   114.255     7.99    6.71
-172304.965   117.202     8.05    5.12
-171938.901   119.957     7.53    5.09
-171572.912   122.684     7.45    7.36
-171206.998   129.078    17.47    9.08
-170841.160   135.375    17.22    8.82
-170475.397   138.742     9.21    6.25
-170109.709   135.094    -9.98    9.48
-169744.097   130.537   -12.47    9.61
-169378.559   124.589   -16.27    6.66
-169012.237   121.558    -8.28    4.66
-168631.038   118.330    -8.47    6.80
-168249.923   114.421   -10.26    5.95
-167868.890   113.779    -1.69    5.58
-167487.940   117.274     9.17    7.86
-167107.073   121.495    11.08    5.95
-166726.288   122.611     2.93    4.58
-166345.586   121.427    -3.11    5.77
-165964.967   119.232    -5.77    6.19
-165584.430   118.274    -2.52    6.28
-165203.975   118.894     1.63    6.26
-164823.603   121.628     7.19    5.99
-164443.313   125.904    11.25    7.99
-164063.106   132.219    16.61    8.08
-163682.981   137.290    13.34    6.75
-163302.938   142.442    13.56    7.69
-162922.977   149.383    18.27   13.22
-162543.098   160.681    29.74   16.76
-162163.301   170.828    26.72   15.62
-161783.587   179.611    23.13   12.76
-161403.954   184.032    11.65   10.73
-161024.403   187.958    10.34   11.64
-160644.934   189.446     3.92   12.96
-160265.546   191.358     5.04   14.16
-159886.240   196.298    13.03   16.06
-159507.016   199.415     8.22   16.66
-159127.874   201.935     6.65   16.74
-158748.813   199.232    -7.13   17.40
-158369.834   193.989   -13.83   17.57
-157990.936   186.667   -19.33   18.27
-157612.120   185.207    -3.85   17.19
-157233.384   182.063    -8.30   16.36
-156854.731   180.500    -4.13   14.99
-156476.158   179.063    -3.80   13.95
-156097.667   179.884     2.17   16.80
-155719.256   188.337    22.34   21.74
-155340.927   198.065    25.72   22.50
-154962.679   201.800     9.87   19.78
-154584.512   200.413    -3.67   17.44
-154206.426   189.938   -27.71   18.29
-153828.421   183.297   -17.57   16.41
-153450.496   181.442    -4.91   16.50
-153072.653   187.430    15.85   20.00
-152694.890   202.926    41.03   22.79
-152317.208   219.435    43.71   23.54
-151939.606   239.674    53.60   21.53
-151562.085   251.574    31.53   18.50
-151184.645   259.521    21.06   15.45
-150807.285   257.258    -6.00   18.50
-150430.005   249.611   -20.27   22.22
-150052.806   233.489   -42.74   24.26
-149675.687   214.617   -50.05   22.71
-149298.648   201.277   -35.39   16.23
-148921.690   191.543   -25.83    9.07
-148544.812   186.351   -13.78   11.95
-148168.014   182.160   -11.13   16.17
-147791.296   180.871    -3.42   22.93
-147414.658   182.156     3.41   30.33
-147038.100   182.022    -0.36   32.83
-146661.622   177.211   -12.78   31.42
-146285.224   169.128   -21.48   27.03
-145908.906   155.181   -37.07   20.28
-145532.667   147.745   -19.77   17.59
-145156.508   139.840   -21.02   11.18
-144780.429   136.691    -8.38    7.48
-144404.430   132.098   -12.22    6.49
-144028.510   128.105   -10.62    8.15
-143652.669   122.054   -16.10    7.91
-143276.908   118.337    -9.89    4.77
-142901.227   114.957    -9.00    5.72
-142525.625   109.146   -15.47   10.40
-142150.102   103.473   -15.11   10.83
-141774.659   100.379    -8.24    7.37
-141399.294    98.681    -4.52    4.31
-141024.009   100.579     5.06    2.97
-140648.803   103.261     7.15    4.55
-140273.676   104.552     3.44    5.54
-139898.628   105.222     1.79    5.82
-139523.659   103.247    -5.27    6.56
-139148.769    96.878   -16.99    6.46
-138773.958    93.872    -8.02    6.67
-138399.226    91.045    -7.54    5.26
-138024.573    93.255     5.90    6.84
-137649.998    93.773     1.38    9.81
-137275.502    90.406    -8.99   11.37
-136901.084    86.890    -9.39   11.56
-136526.746    84.547    -6.26    7.37
-136152.485    90.319    15.42   11.40
-135778.304    97.789    19.97   12.85
-135404.200   101.598    10.18   10.80
-135030.175   100.842    -2.02   10.11
-134656.229    96.330   -12.07    9.17
-134282.360    91.505   -12.91    7.74
-133908.570    87.691   -10.20   11.07
-133534.858    80.340   -19.67   12.64
-133161.225    73.394   -18.59   11.78
-132787.669    66.785   -17.69    5.60
-132414.191    64.340    -6.55    3.31
-132040.792    62.326    -5.40    2.40
-131667.470    61.295    -2.76    2.76
-131294.226    59.633    -4.45    2.46
-130921.061    58.326    -3.50    2.21
-130547.973    57.386    -2.52    1.99
-130174.962    57.011    -1.01    1.82
-129802.030    56.529    -1.29    1.40
-129429.175    55.926    -1.62    1.78
-129056.398    58.828     7.79    9.84
-128683.698    69.202    27.84   25.28
-128311.076    82.856    36.64   33.24
-127938.531   101.452    49.92   38.27
-127566.064   124.728    62.50   46.67
-127193.674   155.695    83.16   56.04
-126821.361   182.407    71.75   54.07
-126449.126   202.042    52.76   41.61
-126076.968   195.630   -17.23   36.88
-125704.887   171.559   -64.70   43.89
-125332.883   149.565   -59.13   43.68
-124960.957   123.247   -70.77   25.03
-124589.107   111.677   -31.12   11.52
-124217.334   112.714     2.79   14.72
-123845.639   127.602    40.06   33.14
-123474.020   142.678    40.57   36.01
-123102.478   144.021     3.62   33.48
-122731.013   133.864   -27.35   38.95
-122359.625   113.863   -53.86   36.52
-121988.313    95.462   -49.56   19.77
-121617.078    87.699   -20.91   13.42
-121245.920    87.641    -0.16   13.43
-120874.838    87.707     0.18   12.68
-120503.833    86.840    -2.33   10.98
-120132.905    85.283    -4.20    8.88
-119762.052    83.538    -4.71    8.35
-119391.276    80.607    -7.91    7.70
-119020.577    78.096    -6.77    8.06
-118649.954    75.859    -6.04    6.78
-118279.407    76.247     1.05    5.85
-117908.936    77.644     3.77    5.62
-117538.541    80.720     8.31    6.34
-117168.223    83.207     6.71    6.85
-116797.980    85.323     5.71    7.95
-116427.814    90.077    12.84   10.83
-116057.723    91.583     4.07   11.36
-115687.709    90.098    -4.02   12.38
-115317.770    84.185   -15.99   13.53
-114947.907    78.181   -16.23   11.53
-114578.120    77.462    -1.94   14.24
-114208.409    77.806     0.93   13.95
-113838.773    79.914     5.70   12.31
-113469.213    79.340    -1.55    9.17
-113099.729    79.068    -0.74    5.86
-112730.320    80.226     3.13    4.58
-112360.987    83.605     9.15    7.07
-111991.729    91.172    20.50   10.93
-111622.546    99.910    23.67   12.23
-111253.439   110.500    28.69   12.91
-110884.407   119.505    24.40   14.60
-110515.451   128.436    24.21   15.68
-110146.570   133.277    13.12   16.59
-109777.763   132.351    -2.51   18.54
-109409.033   125.196   -19.41   19.95
-109040.377   112.747   -33.77   19.69
-108671.796   101.617   -30.20   16.70
-108303.290    90.616   -29.85   11.21
-107934.859    82.849   -21.08   11.61
-107566.503    76.747   -16.57    8.45
-107198.222    71.755   -13.56    7.33
-106830.016    66.544   -14.15    7.36
-106461.885    61.598   -13.44    7.28
-106093.828    59.538    -5.60    5.92
-105725.846    60.882     3.65    6.38
-105357.939    64.565    10.01    6.70
-104990.106    68.538    10.80    3.96
-104622.348    70.426     5.13    2.94
-104254.664    71.814     3.78    3.13
-103887.055    72.290     1.30    2.90
-103519.520    74.023     4.71    2.90
-103152.059    77.394     9.17    5.57
-102784.673    80.902     9.55    6.44
-102417.362    84.152     8.85    4.59
-102050.124    85.333     3.22    3.52
-101682.961    83.312    -5.51    3.97
-101315.871    82.237    -2.93    3.16
-100948.856    82.156    -0.22    3.14
-100581.915    80.585    -4.28    4.19
-100215.048    78.500    -5.68    5.53
 -99848.255    76.946    -4.24    5.53
 -99481.536    76.824    -0.33    5.23
 -99114.890    78.902     5.67    5.31
 -98748.319    80.570     4.55    3.41
 -98381.821    80.109    -1.26    3.27
 -98015.397    78.862    -3.40    3.93
 -97649.047    79.275     1.13    5.46
 -97282.771    80.989     4.68    7.91
 -96916.568    82.724     4.74    9.02
 -96550.438    84.892     5.92    8.64
 -96184.383    87.545     7.25    9.34
 -95818.400    92.707    14.10   11.41
 -95452.491    98.796    16.64   12.98
 -95086.656   106.087    19.93   14.12
 -94720.894   115.170    24.84   15.58
 -94355.205   126.045    29.74   18.02
 -93977.951   136.161    26.82   18.20
 -93596.994   143.045    18.07   15.97
 -93216.119   147.129    10.72   15.26
 -92835.324   148.483     3.56   13.66
 -92454.609   151.319     7.45   13.77
 -92073.975   150.489    -2.18   13.66
 -91693.422   148.108    -6.26   14.14
 -91312.948   146.772    -3.51   12.96
 -90932.556   148.043     3.34   11.19
 -90552.243   151.750     9.75    9.29
 -90172.011   155.548     9.99    7.11
 -89791.859   160.255    12.38    8.46
 -89411.787   160.989     1.93    8.76
 -89031.795   160.376    -1.61    9.64
 -88651.883   160.462     0.22    9.22
 -88272.051   155.053   -14.24   12.03
 -87892.300   150.678   -11.52   15.67
 -87512.628   140.521   -26.75   18.17
 -87133.036   131.138   -24.72   13.34
 -86753.523   124.628   -17.16   14.28
 -86374.091   117.966   -17.56   14.20
 -85994.738   113.172   -12.64   14.59
 -85615.465   109.079   -10.79   10.98
 -85236.271   107.290    -4.72    7.59
 -84857.157   106.092    -3.16    7.28
 -84478.122   107.495     3.70    8.12
 -84099.167   107.356    -0.36    9.60
 -83720.292   104.191    -8.35   12.88
 -83341.495    99.307   -12.90   14.44
 -82962.778    96.968    -6.18   13.48
 -82584.140    99.250     6.03   15.75
 -82205.582   109.430    26.89   20.55
 -81827.102   125.034    41.23   18.77
 -81448.702   137.806    33.76   13.72
 -81070.381   145.477    20.28   10.97
 -80692.139   154.548    23.99   14.92
 -80313.975   167.140    33.30   22.61
 -79935.891   183.312    42.78   25.18
 -79557.885   201.640    48.49   17.80
 -79179.959   205.602    10.49   20.62
 -78802.111   199.814   -15.32   26.73
 -78424.342   183.337   -43.62   32.14
 -78046.651   163.012   -53.82   29.31
 -77669.039   141.935   -55.82   22.89
 -77291.506   135.186   -17.88   20.09
 -76914.051   141.370    16.38   26.27
 -76536.675   149.779    22.29   25.78
 -76159.377   153.196     9.06   18.54
 -75782.157   147.733   -14.48   13.18
 -75405.016   138.848   -23.56   11.14
 -75027.953   130.000   -23.47   10.87
 -74650.968   117.344   -33.57   18.28
 -74274.062   104.988   -32.78   16.81
 -73897.233    98.828   -16.35   11.88
 -73520.483    94.885   -10.47    7.14
 -73143.811    94.462    -1.12    7.89
 -72767.216    87.701   -17.95   14.00
 -72390.700    79.226   -22.51   14.00
 -72014.262    75.207   -10.68   14.50
 -71637.901    76.043     2.22   20.90
 -71261.618    81.425    14.30   23.73
 -70885.413    82.344     2.44   22.51
 -70509.286    79.954    -6.35   17.52
 -70133.236    79.151    -2.14   12.27
 -69757.264    81.773     6.97   11.13
 -69381.370    91.957    27.09   17.25
 -69005.553   107.322    40.89   20.23
 -68629.813   129.266    58.41   26.78
 -68254.151   154.471    67.10   32.85
 -67878.567   187.667    88.39   54.58
 -67503.059   213.256    68.15   58.24
 -67127.629   218.312    13.47   57.56
 -66752.276   202.931   -40.98   62.23
 -66377.001   163.935  -103.92   56.77
 -66001.802   126.977   -98.51   39.91
 -65626.681    96.000   -82.58   27.66
 -65251.636    73.966   -58.75   21.22
 -64876.669    57.402   -44.17   16.61
 -64501.778    46.674   -28.62    9.57
 -64126.965    41.652   -13.40    7.00
 -63752.228    39.711    -5.18    7.44
 -63377.568    39.880     0.45    7.57
 -63002.985    41.080     3.20    6.53
 -62628.479    41.261     0.48    5.11
 -62254.049    41.761     1.34    4.32
 -61879.696    40.634    -3.01    3.32
 -61505.419    40.079    -1.48    2.21
 -61131.219    40.473     1.05    2.25
 -60757.096    42.122     4.41    3.74
 -60383.049    44.696     6.88    4.64
 -60009.078    46.889     5.86    3.98
 -59635.184    46.522    -0.98    4.84
 -59261.366    44.187    -6.25    6.11
 -58887.624    41.602    -6.92    5.50
 -58513.958    42.593     2.65    6.58
 -58140.369    44.967     6.35    7.05
 -57766.856    47.620     7.10    5.91
 -57393.418    51.100     9.32    4.94
 -57020.057    51.505     1.09    4.65
 -56646.772    51.522     0.04    4.56
 -56273.563    48.691    -7.59    5.84
 -55900.429    43.287   -14.48    5.79
 -55527.372    38.731   -12.21    6.52
 -55154.390    33.430   -14.21    5.23
 -54781.484    29.957    -9.31    4.02
 -54408.653    28.570    -3.72    3.04
 -54035.899    29.172     1.62    3.06
 -53663.220    31.885     7.28    3.71
 -53290.616    34.032     5.76    3.27
 -52918.088    35.933     5.10    2.27
 -52545.636    36.163     0.62    2.06
 -52173.258    36.233     0.19    2.17
 -51800.957    36.140    -0.25    2.26
 -51428.730    35.011    -3.03    2.73
 -51056.579    33.370    -4.41    3.59
 -50684.503    31.411    -5.26    3.72
 -50312.503    30.380    -2.77    2.90
 -49940.577    30.870     1.32    3.23
 -49568.727    30.978     0.29    3.57
 -49196.952    30.478    -1.34    3.71
 -48825.251    29.567    -2.45    3.66
 -48453.626    28.109    -3.92    2.67
 -48082.076    27.607    -1.35    2.59
 -47710.600    27.174    -1.17    2.59
 -47339.200    27.568     1.06    2.82
 -46967.874    28.828     3.39    2.60
 -46596.623    29.058     0.62    2.88
 -46225.446    29.304     0.66    3.17
 -45854.344    28.337    -2.61    3.46
 -45483.317    28.087    -0.67    3.06
 -45112.365    30.100     5.43    4.42
 -44741.487    32.604     6.75    5.52
 -44370.683    36.674    10.98    5.98
 -43999.954    41.209    12.23    5.14
 -43629.299    43.118     5.15    4.57
 -43258.719    42.411    -1.91    5.73
 -42888.213    39.692    -7.34    6.34
 -42517.781    37.125    -6.93    4.69
 -42147.424    35.430    -4.58    2.10
 -41777.140    37.773     6.33    4.97
 -41406.931    41.780    10.83    6.64
 -41036.796    45.989    11.37    6.06
 -40666.735    49.878    10.51    3.98
 -40296.748    51.942     5.58    3.77
 -39926.835    52.674     1.98    4.38
 -39556.995    52.235    -1.19    6.49
 -39187.230    47.880   -11.78    9.14
 -38817.538    42.159   -15.48    9.88
 -38447.920    35.533   -17.93    8.91
 -38078.376    31.161   -11.83    7.03
 -37708.906    27.473    -9.98    4.60
 -37339.509    26.489    -2.66    3.51
 -36970.186    26.820     0.90    4.06
 -36600.937    28.293     3.99    5.08
 -36231.760    29.345     2.85    4.74
 -35862.658    28.946    -1.08    4.12
 -35493.629    28.667    -0.76    2.60
 -35124.673    29.835     3.17    3.17
 -34755.790    30.035     0.54    3.39
 -34386.981    30.804     2.09    3.32
 -34018.245    30.810     0.01    3.15
 -33649.583    32.967     5.85    4.98
 -33280.993    36.216     8.82    5.39
 -32912.477    39.602     9.19    5.82
 -32544.034    43.159     9.65    4.24
 -32175.663    44.446     3.49    2.87
 -31807.366    44.333    -0.30    2.55
 -31439.142    45.591     3.42    5.63
 -31070.990    50.315    12.83   11.74
 -30702.912    59.189    24.11   15.82
 -30334.906    67.407    22.33   15.51
 -29966.973    76.465    24.62   13.83
 -29599.113    85.086    23.44   13.71
 -29231.325    90.000    13.36   11.41
 -28863.610    96.011    16.35    9.21
 -28495.968   102.750    18.33   12.48
 -28128.399   112.800    27.34   17.99
 -27760.901   123.180    28.25   17.18
 -27393.477   129.780    17.96   13.15
 -27026.124   130.589     2.20   10.26
 -26658.845   124.900   -15.49   11.60
 -26291.637   118.215   -18.21    9.62
 -25924.502   112.616   -15.25    6.50
 -25557.439   109.717    -7.90    3.65
 -25190.448   108.558    -3.16    4.39
 -24823.530   107.315    -3.39    7.42
 -24456.683   109.489     5.93   14.88
 -24089.909   120.626    30.37   27.46
 -23723.207   133.484    35.06   28.91
 -23356.577   148.685    41.46   20.01
 -22990.018   152.297     9.85   14.79
 -22623.532   140.854   -31.22   20.36
 -22257.118   126.451   -39.31   19.89
 -21890.775   111.035   -42.08   16.50
 -21524.504    96.587   -39.45   14.56
 -21158.305    86.186   -28.40   11.94
 -20792.178    76.489   -26.49    9.68
 -20426.123    71.367   -13.99    5.74
 -20060.139    69.656    -4.68    4.64
 -19694.226    68.076    -4.32    4.14
 -19321.419    66.833    -3.33    4.67
 -18940.623    64.934    -4.99    4.63
 -18559.906    61.811    -8.20    5.11
 -18179.267    58.367    -9.05    5.51
 -17798.707    56.411    -5.14    6.22
 -17418.225    53.652    -7.25    6.61
 -17037.822    52.391    -3.31    5.96
 -16657.497    51.356    -2.72    4.82
 -16277.250    49.560    -4.72    3.46
 -15897.081    48.291    -3.34    4.72
 -15516.990    46.303    -5.23    4.46
 -15136.978    44.786    -3.99    3.12
 -14757.043    44.157    -1.65    3.37
 -14377.187    42.190    -5.18    5.43
 -13997.408    39.596    -6.83    5.41
 -13617.708    35.741   -10.15    4.92
 -13238.085    33.293    -6.45    3.80
 -12858.540    32.565    -1.92    3.15
 -12479.073    32.187    -1.00    2.98
 -12099.683    31.701    -1.28    4.48
 -11720.372    29.352    -6.19    5.81
 -11341.137    26.270    -8.13    5.64
 -10961.981    23.154    -8.22    4.84
 -10582.902    21.722    -3.78    3.63
 -10203.900    20.844    -2.32    3.54
  -9824.976    20.685    -0.42    4.55
  -9446.129    20.167    -1.37    5.34
  -9067.360    18.396    -4.68    6.45
  -8688.667    17.769    -1.65    6.10
  -8310.052    16.750    -2.69    5.29
  -7931.515    18.878     5.62    6.28
  -7553.054    22.705    10.11    6.25
  -7174.671    24.311     4.25    5.45
  -6796.364    25.067     2.00    3.95
  -6418.135    22.791    -6.02    4.42
  -6039.982    20.600    -5.79    2.86
  -5661.907    20.098    -1.33    2.46
  -5283.908    19.556    -1.43    2.19
  -4905.986    19.744     0.50    2.26
  -4528.141    18.099    -4.36    3.13
  -4150.373    16.670    -3.78    3.14
  -3772.681    16.090    -1.54    2.96
  -3395.066    15.713    -1.00    2.55
  -3017.528    14.835    -2.32    4.20
  -2640.066    12.364    -6.55    6.35
  -2262.681     8.022   -11.50    7.10
  -1885.372     4.602    -9.06    6.14
  -1508.139     1.222    -8.96    2.67
  -1130.983     0.310    -2.42    1.45
   -753.903     0.000    -0.82    0.00
   -376.900     0.000     0.00    0.00
      0.027     0.000     0.00    0.00
    376.879     0.000     0.00    0.00
    753.654     0.066     0.17    0.33
   1130.352     1.393     3.52    4.09
   1506.975     3.146     4.65    5.43
   1883.522     4.607     3.88    6.19
   2259.993     7.165     6.79    6.69
   2636.388     8.562     3.71    6.27
   3012.707    10.945     6.33    6.08
   3388.951    13.172     5.92    4.13
   3765.118    13.066    -0.28    3.18
   4141.210    14.093     2.73    2.45
   4517.226    14.315     0.59    2.15
   4893.167    14.929     1.64    2.18
   5269.031    14.438    -1.31    2.85
   5644.821    12.871    -4.17    4.24
   6020.535    11.644    -3.26    5.22
   6396.173    12.195     1.47    6.44
   6771.736    15.077     7.67    7.13
   7147.224    17.295     5.91    6.14
   7522.636    19.516     5.92    3.94
   7897.973    19.477    -0.10    3.79
   8273.235    18.944    -1.42    4.85
   8648.422    15.978    -7.91    8.63
   9023.533    13.067    -7.76    9.63
   9398.570     9.068   -10.66    9.49
   9773.531     5.267   -10.14    7.21
  10148.417     4.011    -3.35    6.09
  10523.229     2.385    -4.34    3.96
  10897.965     1.598    -2.10    2.27
  11272.627     1.326    -0.73    1.48
  11647.213     1.489     0.43    2.28
  12021.725     1.473    -0.04    2.22
  12396.163     1.402    -0.19    1.83
  12770.525     1.596     0.52    2.31
  13144.813     2.341     1.99    2.97
  13519.026     5.966     9.69    6.32
  13893.165    10.144    11.17    7.69
  14267.229    15.733    14.94    6.87
  14641.219    20.187    11.91    4.68
  15015.134    23.033     7.61    2.36
  15388.975    23.180     0.39    2.11
  15762.742    22.852    -0.88    2.10
  16136.434    21.831    -2.73    2.45
  16510.052    21.955     0.33    4.29
  16883.596    23.100     3.07    4.79
  17257.066    22.391    -1.90    6.29
  17630.461    20.389    -5.36    7.84
  18003.783    19.556    -2.23    7.94
  18377.030    21.367     4.85    9.04
  18750.203    26.885    14.79    8.53
  19123.303    32.756    15.73    6.12
  19496.329    36.105     8.98    5.80
  19869.280    38.854     7.37    6.74
  20242.158    43.167    11.57   11.11
  20614.962    48.360    13.93   13.30
  20987.693    53.942    14.98   11.93
  21360.349    56.933     8.03    7.34
  21732.932    57.238     0.82    4.94
  22105.442    58.527     3.46    4.70
  22477.878    59.859     3.57    5.05
  22850.240    62.707     7.65    4.69
  23222.529    65.988     8.81    3.54
  23594.745    67.593     4.31    3.49
  23966.887    67.702     0.29    4.09
  24338.956    66.483    -3.28    4.72
  24710.951    65.767    -1.92    5.10
  25082.873    69.022     8.75    9.01
  25454.722    77.035    21.55   15.71
  25826.498    94.854    47.93   24.02
  26198.201   110.678    42.57   24.94
  26569.830   125.337    39.44   18.27
  26941.387   130.727    14.51   14.78
  27312.871   136.708    16.10   17.12
  27684.281   138.551     4.96   18.74
  28055.619   145.211    17.94   20.10
  28426.884   148.112     7.81   20.87
  28798.076   146.391    -4.64   18.16
  29169.195   144.371    -5.44   16.20
  29540.242   144.862     1.32   15.86
  29911.215   146.798     5.22   17.67
  30282.116   147.398     1.62   20.81
  30652.945   149.055     4.47   21.84
  31023.701   152.212     8.51   22.49
  31394.384   157.100    13.19   21.88
  31764.995   164.500    19.97   19.98
  32135.534   171.955    20.12   17.53
  32506.000   177.494    14.95   12.49
  32876.394   172.506   -13.47   20.13
  33246.715   165.333   -19.37   27.62
  33616.964   153.258   -32.61   31.98
  33987.141   146.138   -19.23   30.99
  34357.246   141.090   -13.64   29.01
  34727.278   141.178     0.24   26.41
  35097.239   140.811    -0.99   22.70
  35467.127   145.456    12.56   18.87
  35836.943   148.580     8.45   15.07
  36206.688   152.180     9.74   12.36
  36576.360   160.545    22.63   18.39
  36945.961   173.674    35.52   26.87
  37315.489   190.636    45.90   31.45
  37684.946   207.494    45.63   34.68
  38054.331   222.588    40.86   36.21
  38423.645   235.000    33.61   36.49
  38792.886   243.217    22.25   36.53
  39162.056   252.427    24.95   30.47
  39531.155   255.402     8.06   25.51
  39900.182   258.989     9.72   23.67
  40269.137   258.953    -0.10   26.44
  40638.021   263.189    11.48   31.72
  41006.833   265.805     7.09   34.33
  41375.574   270.978    14.03   33.86
  41744.244   269.409    -4.25   33.22
  42112.842   268.685    -1.96   31.52
  42481.369   263.202   -14.88   31.57
  42849.825   250.908   -33.37   32.79
  43218.209   237.270   -37.02   33.76
  43586.523   215.816   -58.25   34.12
  43954.765   192.467   -63.41   31.29
  44322.936   171.131   -57.95   24.80
  44691.036   153.211   -48.68   17.85
  45059.066   141.627   -31.48    8.94
  45427.024   139.830    -4.88    6.75
  45794.911   142.476     7.19    8.27
  46162.728   154.719    33.28   18.45
  46530.473   171.552    45.77   24.85
  46898.148   191.539    54.36   26.18
  47265.752   213.466    59.65   25.76
  47633.286   231.420    48.85   19.72
  48000.748   234.798     9.19   21.39
  48368.140   234.425    -1.01   26.98
  48735.462   230.534   -10.59   31.16
  49102.713   219.595   -29.78   35.47
  49469.893   205.667   -37.93   39.54
  49837.003   184.071   -58.82   36.18
  50204.043   165.560   -50.43   33.44
  50571.012   151.942   -37.11   28.99
  50937.911   142.567   -25.55   23.66
  51304.740   133.816   -23.85   13.77
  51671.498   127.494   -17.24    5.74
  52038.186   127.544     0.14    6.03
  52404.804   135.966    22.97   16.43
  52771.352   148.250    33.51   21.88
  53137.829   159.161    29.77   18.73
  53504.237   166.420    19.81   14.29
  53870.575   166.463     0.12   13.40
  54236.842   163.875    -7.07   12.31
  54603.040   163.000    -2.39   11.43
  54969.168   163.216     0.59   11.15
  55337.880   162.299    -2.49   12.54
  55718.518   159.478    -7.41   13.97
  56099.079   153.321   -16.18   18.68
  56479.564   141.656   -30.66   21.51
  56859.973   127.452   -37.34   17.00
  57240.306   116.318   -29.27   13.07
  57620.562   110.398   -15.57    9.45
  58000.742   116.933    17.19   19.61
  58380.846   132.345    40.55   29.62
  58760.874   152.629    53.37   37.01
  59140.825   178.586    68.31   43.09
  59520.701   195.348    44.12   39.65
  59900.501   216.080    54.58   34.50
  60280.224   227.719    30.65   30.12
  60659.872   238.420    28.19   25.69
  61039.444   251.092    33.38   24.70
  61418.940   263.517    32.74   20.77
  61798.361   267.310    10.00   20.74
  62177.705   265.034    -6.00   22.67
  62556.974   249.103   -42.00   31.14
  62936.167   226.586   -59.38   36.44
  63315.285   212.965   -35.93   36.67
  63694.327   194.966   -47.48   33.82
  64073.294   176.860   -47.77   32.36
  64452.185   162.393   -38.18   26.21
  64831.001   154.209   -21.60   16.15
  65209.742   161.433    19.07   27.89
  65588.407   178.369    44.72   40.82
  65966.997   204.607    69.30   49.35
  66345.511   227.561    60.64   45.92
  66723.951   240.864    35.15   48.68
  67102.315   247.667    17.98   50.28
  67480.604   247.460    -0.55   48.73
  67858.818   246.720    -1.96   46.91
  68236.957   245.506    -3.21   45.40
  68615.022   247.376     4.95   42.86
  68993.011   245.222    -5.70   39.89
  69370.925   243.471    -4.63   36.79
  69748.765   239.596   -10.26   31.42
  70126.530   238.686    -2.41   28.30
  70504.220   242.591    10.34   24.54
  70881.835   251.988    24.89   23.67
  71259.376   264.045    31.93   28.33
  71636.842   299.966    95.16   56.75
  72014.233   336.182    95.96   61.84
  72391.550   359.352    61.41   47.05
  72768.792   354.438   -13.03   49.01
  73145.960   312.943  -110.01   59.69
  73523.054   269.724  -114.60   54.44
  73900.073   231.793  -100.60   52.36
  74277.018   203.465   -75.15   36.10
  74653.889   192.170   -29.97   25.79
  75030.686   210.489    48.61   42.70
  75407.408   242.535    85.06   42.22
  75784.056   264.352    57.92   29.55
  76160.630   267.895     9.41   24.92
  76537.130   257.000   -28.94   28.49
  76913.556   244.674   -32.74   25.84
  77289.908   232.682   -31.86   23.02
  77666.187   225.798   -18.30   23.74
  78042.391   217.818   -21.21   23.74
  78418.521   209.793   -21.33   20.39
  78794.578   211.244     3.86   20.48
  79170.561   226.207    39.79   34.99
  79546.470   243.172    45.13   39.10
  79922.306   261.330    48.31   33.86
  80298.068   276.128    39.38   27.06
  80673.756   282.311    16.46   23.84
  81049.371   284.512     5.86   19.51
  81424.912   291.841    19.52   20.96
  81800.380   307.161    40.80   26.67
  82175.775   332.170    66.62   37.37
  82551.096   355.047    60.95   42.96
  82926.344   383.069    74.67   50.55
  83301.518   408.011    66.48   65.95
  83676.620   438.852    82.21   80.75
  84051.648   466.541    73.83   80.88
  84426.603   480.045    36.01   61.46
  84801.485   491.586    30.78   48.84
  85176.294   523.420    84.93   47.57
  85551.030   540.593    45.82   48.79
  85925.693   534.659   -15.84   47.74
  86300.282   510.207   -65.27   45.77
  86674.800   466.261  -117.33   61.60
  87049.244   415.512  -135.52   60.73
  87423.615   373.773  -111.48   44.80
  87797.914   346.782   -72.11   32.30
  88172.140   332.345   -38.58   30.81
  88546.293   326.744   -14.97   33.83
  88920.374   325.414    -3.56   35.52
  89294.382   327.425     5.38   37.46
  89668.317   329.091     4.45   42.23
  90042.180   338.253    24.50   49.72
  90415.970   343.135    13.06   58.48
  90789.688   340.807    -6.23   65.28
  91163.334   336.034   -12.77   62.09
  91536.907   334.279    -4.70   63.57
  91910.408   327.094   -19.24   62.72
  92283.837   311.182   -42.61   59.77
  92657.194   291.753   -52.04   56.98
  93030.478   286.459   -14.18   60.07
  93403.690   276.000   -28.02   64.43
  93776.830   266.943   -24.27   61.83
  94149.898   252.744   -38.06   51.51
  94522.894   241.318   -30.63   48.56
  94895.819   221.885   -52.11   44.85
  95268.671   207.784   -37.82   37.72
  95641.451   191.244   -44.37   25.21
  96014.159   179.565   -31.33   17.08
  96386.796   165.874   -36.74   16.45
  96759.361   154.091   -31.62   16.17
  97131.854   142.235   -31.83   12.35
  97504.275   134.761   -20.07   11.24
  97876.625   128.393   -17.10   13.17
  98248.903   120.750   -20.53   15.52
  98621.110   113.965   -18.23   16.05
  98993.245   110.170   -10.20   15.93
  99365.309   108.893    -3.43   16.86
  99737.301   105.885    -8.09   14.59
 100109.222   101.048   -13.00   10.56
 100481.072    97.449    -9.68    9.16
 100852.850    93.072   -11.77    7.29
 101224.557    88.529   -12.22    9.86
 101596.192    82.333   -16.67   10.35
 101967.757    76.148   -16.65    9.26
 102339.250    71.841   -11.59    6.45
 102710.672    66.910   -13.28    8.90
 103082.023    59.988   -18.64   12.01
 103453.304    50.685   -25.05   14.57
 103824.513    41.607   -24.45   11.89
 104195.651    34.761   -18.44    9.45
 104566.718    30.940   -10.30    6.47
 104937.715    28.602    -6.30    5.03
 105308.640    26.250    -6.34    4.71
 105679.495    23.659    -6.99    3.62
 106050.279    21.286    -6.40    2.92
 106420.993    19.875    -3.81    2.00
 106791.635    19.511    -0.98    2.48
 107162.207    20.365     2.30    3.36
 107532.709    21.944     4.26    3.87
 107903.140    25.830    10.49    5.34
 108273.500    28.871     8.21    4.48
 108643.790    30.977     5.69    3.90
 109014.010    31.349     1.00    2.87
 109384.159    30.345    -2.71    2.28
 109754.238    30.506     0.43    1.89
 110124.246    30.214    -0.79    1.64
 110494.185    30.138    -0.21    1.80
 110864.053    29.890    -0.67    1.78
 111233.851    29.368    -1.41    1.36
 111603.578    29.110    -0.70    0.90
 111973.236    28.977    -0.36    1.11
 112342.824    29.549     1.55    1.81
 112712.341    30.398     2.30    1.93
 113081.789    31.429     2.79    1.43
 113451.166    32.568     3.08    1.71
 113820.474    33.349     2.11    2.31
 114189.712    36.795     9.33    7.46
 114558.880    46.151    25.34   20.22
 114927.978    65.798    53.22   32.81
 115297.006    87.393    58.51   33.32
 115665.965   107.193    53.66   19.39
 116034.854   112.955    15.62   14.70
 116403.674   111.458    -4.06   17.16
 116772.424   107.625   -10.39   18.55
 117141.104   112.326    12.75   20.04
 117509.715   118.782    17.51   19.50
 117878.256   121.833     8.28   16.12
 118246.728   119.287    -6.91   15.86
 118615.131   112.531   -18.34   17.57
 118983.464   103.466   -24.61   13.30
 119351.728    97.225   -16.95   11.26
 119719.922    99.908     7.29   17.92
 120088.047   103.190     8.92   22.02
 120456.104   106.091     7.88   24.76
 120824.091   108.209     5.76   25.48
 121192.008   119.239    29.97   35.42
 121559.857   131.108    32.27   48.19
 121927.637   142.820    31.84   52.96
 122295.348   141.753    -2.90   51.17
 122662.989   126.289   -42.06   41.77
 123030.562   106.727   -53.21   31.02
 123398.066    89.767   -46.14   23.95
 123765.501    74.644   -41.16   17.68
 124132.867    64.488   -27.64   14.21
 124500.165    70.184    15.51   28.86
 124867.394    84.494    38.96   40.59
 125234.554   106.591    60.18   46.44
 125601.645   127.284    56.36   40.50
 125968.668   133.864    17.93   39.44
 126335.622   130.047   -10.40   39.31
 126702.508   124.455   -15.24   33.16
 127069.325   118.453   -16.36   26.45
 127436.074   112.898   -15.15   18.63
 127802.754   109.774    -8.52   15.76
 128169.366   101.920   -21.42   18.92
 128535.909    92.500   -25.70   18.19
 128902.385    82.578   -27.07   16.72
 129268.792    75.535   -19.22   13.21
 129635.130    70.580   -13.52   10.41
 130001.401    68.212    -6.47   10.00
 130380.549    66.370    -4.86   11.14
 130760.958    63.419    -7.76   11.46
 131141.294    60.571    -7.49   11.78
 131521.554    56.977    -9.45   12.18
 131901.741    50.674   -16.58   11.18
 132281.853    44.988   -14.96    9.82
 132661.892    41.023   -10.43    5.38
 133041.856    40.942    -0.21    3.71
 133421.745    42.679     4.57    4.02
 133801.561    45.570     7.61    5.12
 134181.303    47.988     6.37    6.17
 134560.971    48.595     1.60    5.53
 134940.565    48.756     0.42    4.41
 135320.085    47.976    -2.05    2.33
 135699.531    47.557    -1.11    0.96
 136078.903    47.821     0.70    0.82
 136458.201    48.138     0.83    1.01
 136837.426    49.125     2.60    2.13
 137216.577    50.034     2.40    2.08
 137595.654    52.913     7.59    4.65
 137974.658    59.460    17.27    9.91
 138353.589    69.417    26.27   13.93
 138732.445    79.092    25.54   12.36
 139111.228    86.843    20.46    9.95
 139489.938    87.221     1.00   11.55
 139868.575    81.542   -15.00   14.49
 140247.138    72.988   -22.59   15.74
 140625.627    64.930   -21.29   12.95
 141004.044    58.536   -16.90    8.87
 141382.387    55.000    -9.34    2.49
 141760.657    54.784    -0.57    1.91
 142138.854    54.179    -1.60    1.93
 142516.978    55.000     2.17    4.34
 142895.029    55.138     0.36    4.93
 143273.007    55.494     0.94    4.97
 143650.911    56.651     3.06    4.43
 144028.743    56.884     0.62    3.72
 144406.502    56.816    -0.18    1.62
 144784.189    57.369     1.46    1.27
 145161.802    57.488     0.32    1.16
 145539.342    57.854     0.97    1.21
 145916.810    58.616     2.02    1.31
 146294.205    59.617     2.65    1.28
 146671.528    59.663     0.12    1.61
 147048.778    58.829    -2.21    3.11
 147425.955    59.000     0.45    4.10
 147803.060    59.256     0.68    4.29
 148180.093    62.239     7.91    6.55
 148557.053    62.593     0.94    7.88
 148933.940    57.943   -12.34   10.74
 149310.756    53.817   -10.95   10.44
 149687.499    48.465   -14.20    4.38
 150064.169    46.855    -4.27    4.17
 150440.768    47.453     1.59    4.31
 150817.294    47.536     0.22    3.82
 151193.748    48.345     2.15    3.60
 151570.130    49.675     3.53    2.34
 151946.440    50.988     3.49    4.10
 152322.678    55.329    11.54    7.19
 152698.844    59.198    10.28    7.30
 153074.938    61.721     6.71    6.75
 153450.961    61.706    -0.04    6.10
 153826.911    61.365    -0.91    4.93
 154202.789    62.149     2.09    4.28
 154578.596    64.313     5.76    3.65
 154954.331    68.326    10.68    6.82
 155329.995    72.849    12.04    8.72
 155705.586    77.548    12.51    9.15
 156081.106    88.306    28.65   14.85
 156456.555    97.966    25.73   17.57
 156831.932   114.083    42.93   21.19
 157207.237   132.247    48.39   24.23
 157582.472   152.318    53.48   28.61
 157957.634   162.810    27.96   24.46
 158332.726   166.583    10.06   24.12
 158707.746   165.547    -2.76   25.61
 159082.694   170.679    13.69   28.30
 159457.572   179.313    23.03   27.39
 159832.378   184.068    12.68   20.10
 160207.113   177.118   -18.55   22.50
 160581.777   155.906   -56.61   32.15
 160956.370   130.605   -67.53   33.48
 161330.892   105.930   -65.87   22.18
 161705.343    92.807   -35.04   14.69
 162079.723    82.736   -26.90    5.15
 162454.032    80.376    -6.30    4.36
 162828.270    77.718    -7.10    4.28
 163202.437    75.407    -6.17    4.98
 163576.534    74.047    -3.64    4.59
 163950.560    72.988    -2.83    4.24
 164324.515    73.659     1.79    4.97
 164698.399    74.471     2.17    4.94
 165072.213    76.835     6.33    7.84
 165445.956    79.188     6.29   11.54
 165819.628    81.558     6.34   13.72
 166193.230    82.398     2.25   13.48
 166566.762    82.012    -1.03   11.79
 166940.223    82.291     0.75    8.97
 167313.614    84.012     4.61    6.88
 167686.934    84.929     2.46    6.45
 168060.184    85.218     0.77    5.18
 168433.364    82.783    -6.52    3.60
 168806.473    81.671    -2.98    2.81
 169179.513    82.907     3.31    2.97
 169552.482    84.274     3.66    3.64
 169925.381    84.867     1.59    3.37
 170298.210    85.466     1.60    3.35
 170670.969    86.306     2.25    3.52
 171043.658    87.702     3.75    3.15
 171416.277    88.770     2.87    2.35
 171788.826    86.810    -5.26    5.01
 172161.305    83.904    -7.80    6.95
 172533.714    81.733    -5.83    5.91
 172906.054    81.812     0.21    3.99
 173278.323    84.024     5.94    3.69
 173650.523    86.494     6.64    3.99
 174022.653    88.547     5.51    3.49
 174394.714    89.595     2.82    1.96
 174766.705    94.776    13.93   10.49
 175138.627   104.667    26.59   18.49
 175510.478   119.060    38.70   20.35
 175882.261   131.835    34.36   15.04
 176253.974   142.733    29.31   10.91
 176625.617   151.000    22.24   15.54
 176997.192   160.293    25.01   17.71
 177368.696   167.940    20.58   17.62
 177740.132   175.439    20.19   16.16
 178111.498   178.368     7.89   15.14
 178482.795   176.181    -5.89   17.10
 178854.023   172.174   -10.79   16.84
 179225.182   168.877    -8.88   15.22
 179596.271   168.977     0.27   15.41
 179967.292   172.012     8.18   14.19
 180338.243   173.767     4.73    9.48
 180709.126   172.588    -3.18    9.67
 181079.939   173.214     1.69    9.72
 181450.684   178.775    15.00   14.38
 181821.360   192.118    35.99   25.55
 182191.967   209.012    45.58   24.42
 182562.505   218.920    26.73   21.91
 182932.974   218.300    -1.67   27.78
 183303.375   200.895   -46.98   37.12
 183673.706   178.232   -61.19   36.09
 184043.970   152.046   -70.71   27.00
 184414.164   134.108   -48.45   16.67
 184784.290   122.548   -31.23   10.28
 185154.348   116.768   -15.62    4.89
 185524.337   116.024    -2.01    5.12
 185894.258   116.128     0.28    7.40
 186264.110   116.012    -0.31    7.66
 186633.894   115.940    -0.19    6.24
 187003.609   116.545     1.64    5.09
 187373.256   118.434     5.11    3.97
 187742.835   119.518     2.93    3.45
 188112.346   123.235    10.06    7.90
 188481.788   131.529    22.45   14.04
 188851.162   140.824    25.16   15.11
 189220.469   150.458    26.08    7.86
 189589.707   154.798    11.75    3.72
 189958.877   155.519     1.95    2.91
 190327.979   155.671     0.41    2.86
 190697.013   157.229     4.22    3.63
 191065.979   159.814     7.01    5.77
 191434.877   160.975     3.15    5.93
 191803.708   159.581    -3.78    6.60
 192172.470   156.152    -9.30    5.43
 192541.165   155.400    -2.04    4.63
 192909.792   158.013     7.09    6.29
 193278.351   161.682     9.96    5.66
 193646.843   165.222     9.60    4.69
 194015.267   166.698     4.00    3.87
 194383.623   165.326    -3.72    4.98
 194751.912   162.224    -8.42    7.43
 195120.134   158.892    -9.05    7.09
 195488.287   155.721    -8.61    5.88
 195856.374   155.131    -1.60    5.77
 196224.393   157.157     5.50    6.58
 196592.345   160.588     9.32   10.99
 196960.229   167.506    18.80   16.85
 197328.046   173.233    15.57   19.46
 197695.796   177.622    11.93   20.52
 198063.478   175.707    -5.21   20.33
 198431.093   171.200   -12.26   19.48
 198798.642   167.616    -9.75   15.99
 199166.123   167.450    -0.45   16.84
 199533.537   169.291     5.01   19.33
 199900.884   170.696     3.83   19.34
 200268.164   173.682     8.13   21.88
 200635.376   176.024     6.38   23.94
 201002.523   175.523    -1.36   22.49
 201369.602   173.963    -4.25   19.81
 201736.614   171.919    -5.57   15.52
 202103.559   169.798    -5.78   11.71
 202470.438   177.205    20.19   19.65
 202837.250   188.153    29.84   30.04
 203203.995   204.341    44.13   38.65
 203570.674   217.000    34.52   44.53
 203937.286   223.476    17.66   48.19
 204303.831   215.829   -20.86   47.47
 204670.310   203.925   -32.48   43.03
 205045.618   190.209   -36.54   30.62
 205425.878   181.878   -21.91   16.22
 205806.065   181.143    -1.93    9.20
 206186.179   186.195    13.29   13.98
 206566.222   194.464    21.76   18.68
 206946.192   208.012    35.65   23.85
 207326.090   219.578    30.44   26.15
 207705.915   225.786    16.34   28.59
 208085.669   234.306    22.43   28.95
 208465.350   244.464    26.75   30.52
 208844.959   252.735    21.78   31.27
 209224.496   268.471    41.45   33.93
 209603.962   278.691    26.93   28.67
 209983.355   278.558    -0.35   23.27
 210362.676   277.050    -3.98   24.71
 210741.926   269.821   -19.06   26.25
 211121.103   268.228    -4.20   30.93
 211500.209   263.069   -13.61   30.68
 211879.243   259.235   -10.11   27.75
 212258.206   256.250    -7.87   27.57
 212637.096   252.111   -10.92   29.64
 213015.916   250.000    -5.57   28.46
 213394.663   246.024   -10.50   21.45
 213773.339   243.880    -5.66   14.85
 214151.943   242.711    -3.09   13.27
 214530.476   240.512    -5.81   12.57
 214908.938   237.282    -8.53    9.43
 215287.328   238.259     2.58   10.23
 215665.647   245.094    18.06   16.63
 216043.895   254.767    25.57   20.46
 216422.071   266.282    30.44   17.39
 216800.176   275.175    23.51   19.55
 217178.210   288.605    35.52   34.54
 217556.172   297.000    22.21   38.43
 217934.064   312.788    41.77   41.74
 218311.884   327.250    38.27   42.26
 218689.634   341.798    38.50   42.66
 219067.312   361.304    51.64   36.19
 219444.920   359.943    -3.60   34.17
 219822.457   347.383   -33.26   42.81
 220199.922   327.205   -53.45   48.64
 220577.317   306.432   -55.03   49.37
 220954.641   280.129   -69.70   48.33
 221331.895   261.400   -49.64   44.11
 221709.078   250.893   -27.85   33.02
 222086.190   242.952   -21.05   15.52
 222463.231   248.488    14.68   14.50
 222840.202   256.824    22.11   13.73
 223217.102   265.573    23.21   12.15
 223593.932   271.277    15.13   16.12
 223970.691   276.894    14.91   20.11
 224347.380   285.595    23.09   20.41
 224723.998   292.951    19.53   20.05
 225100.547   303.595    28.26   22.92
 225477.024   317.453    36.80   25.44
 225853.432   337.294    52.70   29.35
 226229.769   360.160    60.75   35.47
 226606.036   383.071    60.88   42.61
 226982.233   412.247    77.54   50.09
 227358.360   442.430    80.23   59.39
 227734.417   476.350    90.18   66.72
 228110.403   512.988    97.43   66.78
 228486.320   547.873    92.78   74.39
 228862.167   590.376   113.07   92.31
 229237.944   642.418   138.46  117.15
 229613.650   671.560    77.55  110.30
 229989.288   672.025     1.24  105.03
 230364.855   628.753  -115.20  103.59
 230740.352   566.026  -167.02   75.41
 231115.780   513.262  -140.52   60.19
 231491.138   476.165   -98.81   38.35
 231866.427   460.412   -41.97   35.92
 232241.645   463.866     9.20   49.27
 232616.795   474.812    29.17   52.21
 232991.874   476.305     3.98   46.73
 233366.885   473.107    -8.53   41.30
 233741.825   475.024     5.11   40.88
 234116.697   481.360    16.90   34.06
 234491.499   497.815    43.89   33.34
 234866.231   531.238    89.18   51.55
 235240.894   581.819   134.98   66.46
 235615.489   651.884   187.01   98.03
 235990.013   754.866   274.92  135.37
 236364.469   826.098   190.19  124.55
 236738.855   863.878   100.89   96.81
 237113.173   823.530  -107.77  121.97
 237487.421   725.744  -261.24  121.23
 237861.600   646.422  -211.95   79.90
 238235.711   615.877   -81.63   59.90
 238609.752   646.470    81.78  100.45
 238983.724   691.738   121.02  108.52
 239357.628   703.167    30.56   89.81
 239731.462   670.415   -87.59   99.21
 240105.228   611.940  -156.42   94.24
 240478.925   550.788  -163.61   53.21
 240852.553   520.916   -79.94   33.08
 241226.113   507.687   -35.41   33.36
 241599.604   505.181    -6.71   38.93
 241973.026   497.607   -20.28   45.17
 242346.380   493.325   -11.47   43.32
 242719.665   503.699    27.78   64.52
 243092.882   531.024    73.20   95.07
 243466.030   562.640    84.71  113.90
 243839.110   558.171   -11.98  103.17
 244212.122   526.634   -84.53   85.05
 244585.065   496.084   -81.90   66.77
 244957.939   477.554   -49.69   51.17
 245330.746   479.518     5.27   46.85
 245703.484   500.634    56.64   63.47
 246076.154   538.714   102.16   79.00
 246448.756   578.386   106.45   83.27
 246821.290   599.639    57.04   86.63
 247193.755   608.183    22.94   90.46
 247566.153   613.337    13.84   88.24
 247938.483   620.329    18.78   81.80
 248310.744   629.361    24.26   75.44
 248682.938   653.313    64.34   77.23
 249055.063   688.012    93.23   73.34
 249427.121   722.061    91.50   64.98
 249799.111   741.217    51.49   58.85
 250171.034   731.506   -26.10   71.35
 250542.888   705.659   -69.50   77.15
 250914.675   667.098  -103.70   71.21
 251286.394   656.361   -28.88   77.18
 251658.045   658.560     5.91   69.07
 252029.629   658.107    -1.22   63.66
 252401.145   648.309   -26.37   57.45
 252772.594   681.893    90.40  104.47
 253143.975   756.576   201.06  135.82
 253515.289   807.084   136.00  105.54
 253886.535   809.788     7.28  102.30
 254257.714   765.250  -119.97  111.59
 254628.826   701.167  -172.64   95.52
 254999.870   653.807  -127.61   88.52
 255370.847   648.139   -15.28   82.64
 255741.757   669.786    58.35   81.47
 256112.599   686.388    44.76   90.00
 256483.375   686.643     0.69   95.27
 256854.083   659.532   -73.12  102.12
 257224.724   631.036   -76.87   77.86
 257595.298   629.228    -4.88   56.34
 257965.805   695.906   179.93  106.42
 258336.245   781.295   230.46  123.17
 258706.618   846.085   174.90   93.39
 259076.924   879.077    89.07   60.44
 259447.164   873.095   -16.15   66.82
 259817.336   855.872   -46.52   60.89
 260187.442   856.817     2.55   61.29
 260557.481   856.154    -1.79   65.31
 260927.453   873.200    46.06   65.35
 261297.358   889.282    43.47   58.44
 261667.197   892.561     8.86   55.08
 262036.969   873.000   -52.89   61.05
 262406.675   824.659  -130.73   81.77
 262776.314   760.358  -173.92   86.11
 263145.886   682.293  -211.19   83.81
 263515.392   633.627  -131.68   66.62
 263884.832   627.929   -15.42   68.85
 264254.205   666.025   103.11   99.59
 264623.512   736.890   191.85   98.21
 264992.752   765.024    76.18   86.63
 265361.926   763.695    -3.60   90.64
 265731.034   751.829   -32.14   78.95
 266100.076   746.318   -14.93   68.69
