# NaN NaN NaN ;Mean Elev.(m), Avg Gradient(m/km), RMS Gradient(m/km) - SRTM1     
#   -9.754 -17.630  37.205 ;Mean Elev.(m), Avg Gradient(m/km), RMS Gradient(m/km) - ASTER GDEM
#    1.094 -17.947  37.000 ;Mean Elev.(m), Avg Gradient(m/km), RMS Gradient(m/km) - GMTED2010 
  7     2.404 52467.38023540 25.92 174.780494  64.610824 13.895
  7     1.154 52467.38023605 31.40 174.777594  64.613934 13.895
  7     1.328 52467.38023669 31.32 174.774694  64.617044 13.895
  7     1.056 52467.38023733 23.59 174.771794  64.620154 13.895
  7     0.942 52467.38023798 25.24 174.768894  64.623264 13.895
  7     0.984 52467.38023862 29.03 174.765994  64.626384 13.895
  7     1.124 52467.38023927 28.05 174.763094  64.629494 13.895
  7     1.193 52467.38023991 27.09 174.760184  64.632604 13.895
  7     1.484 52467.38024056 26.55 174.757284  64.635714 13.895
  7     1.444 52467.38024120 24.99 174.754384  64.638834 13.895
  7     1.402 52467.38024185 26.09 174.751480  64.641942 16.351
  7     1.384 52467.38024249 21.81 174.748570  64.645052 16.351
  7     1.144 52467.38024314 17.74 174.745660  64.648162 16.351
  7     0.906 52467.38024378 15.86 174.742760  64.651272 16.351
  7     1.650 52467.38024443 18.59 174.739850  64.654392 16.351
  8     0.315 52502.38022859 32.70 174.774981  64.621950  9.310
  8     0.199 52502.38022924 29.32 174.772088  64.625065 32.169
  8     0.340 52502.38022988 36.84 174.769188  64.628175 32.169
  8     0.334 52502.38023052 41.77 174.766278  64.631285 32.169
  8     0.236 52502.38023117 50.61 174.763378  64.634395 32.169
  8     0.393 52502.38023181 48.79 174.760478  64.637505 32.169
  8     0.340 52502.38023246 49.87 174.757568  64.640625 32.169
  8     0.338 52502.38023310 40.84 174.754668  64.643735 32.169
  8    -0.045 52502.38023375 28.15 174.751758  64.646845 32.169
  8     0.136 52502.38023439 45.10 174.748858  64.649955 32.169
  8     0.210 52502.38023504 46.54 174.745948  64.653065 32.169
  8     0.130 52502.38023568 47.67 174.743048  64.656185 32.169
  9     0.694 52537.38020950 35.93 174.775710  64.597549 21.761
  9     1.871 52537.38021015 28.46 174.772810  64.600659 21.761
  9     0.350 52537.38021079 25.19 174.769910  64.603769 21.761
  9    -2.609 52537.38021144 26.46 174.767010  64.606879 21.761
  9     0.194 52537.38021208 22.60 174.764110  64.609999 21.761
  9     0.770 52537.38021272 24.30 174.761200  64.613109 21.761
  9     1.223 52537.38021917 21.94 174.732160  64.644219 21.761
 10     0.078 52572.38024909 38.75 174.779231  64.607031 23.756
 10     0.333 52572.38024973 42.96 174.776331  64.610151 23.756
 10     0.389 52572.38025038 43.56 174.773431  64.613261 23.756
 10     0.383 52572.38025102 40.81 174.770531  64.616371 23.756
 10     0.373 52572.38025167 43.22 174.767631  64.619481 23.756
 10     0.393 52572.38025231 41.68 174.764731  64.622591 23.756
 10     0.389 52572.38025296 40.67 174.761831  64.625711 23.756
 10     0.272 52572.38025360 38.18 174.758931  64.628821 23.756
 10     0.200 52572.38025424 35.65 174.756021  64.631931 23.756
 10     0.114 52572.38025489 36.98 174.753121  64.635041 23.756
 10     0.386 52572.38025553 39.13 174.750221  64.638151 23.756
 10     0.316 52572.38025618 42.18 174.747311  64.641271 23.756
 10     0.142 52572.38025682 39.34 174.744401  64.644381 23.756
 10     0.258 52572.38025811 41.57 174.738591  64.650601 23.756
 10     0.231 52572.38025876 43.04 174.735681  64.653711 23.756
 10     0.242 52572.38025940 39.10 174.732780  64.656822  7.014
 11     0.479 52607.38020926 21.19 174.778080  64.622836  4.170
 11     0.361 52607.38020990 21.62 174.775183  64.625950  5.187
 11     0.305 52607.38021055 23.60 174.772283  64.629060  5.187
 11     0.248 52607.38021119 23.55 174.769373  64.632170  5.187
 11     0.340 52607.38021183 23.81 174.766473  64.635280  5.187
 11     0.278 52607.38021248 23.19 174.763573  64.638400  5.187
 11     0.156 52607.38021312 24.84 174.760663  64.641510  5.187
 11     0.191 52607.38021377 24.69 174.757763  64.644620  5.187
 11     0.156 52607.38021441 25.20 174.754863  64.647730  5.187
 11     0.106 52607.38021506 25.48 174.751953  64.650840  5.187
 11     0.156 52607.38021570 25.00 174.749043  64.653950  5.187
 11     0.194 52607.38021635 24.40 174.746143  64.657070  5.187
 12     0.856 52642.38020419  8.43 174.777564  64.603451  1.759
 12     0.989 52642.38020483  8.21 174.774664  64.606566  2.654
 12     0.980 52642.38020548  8.62 174.771764  64.609676  2.654
 12     0.789 52642.38020612  9.37 174.768864  64.612786  2.654
 12     0.844 52642.38020676  9.33 174.765964  64.615896  2.654
 12     0.788 52642.38020741  9.82 174.763064  64.619006  2.654
 12     0.965 52642.38020805  9.92 174.760164  64.622126  2.654
 12     0.337 52642.38021321 12.14 174.736924  64.647016  2.654
 12     0.613 52642.38021386 11.64 174.734014  64.650126  2.654
 12     0.701 52642.38021450 12.06 174.731104  64.653236  2.654
 12     0.737 52642.38021515 12.32 174.728194  64.656356  2.654
 13    49.425 52677.38019295  0.62 174.780129  64.621436  2.103
 13    48.957 52677.38019359  1.02 174.777229  64.624546  2.103
 13    47.472 52677.38019424  1.42 174.774329  64.627656  2.103
 13    47.525 52677.38019488  1.17 174.771429  64.630766  2.103
 13    47.915 52677.38019553  1.20 174.768519  64.633876  2.103
 13    46.658 52677.38019617  1.27 174.765619  64.636996  2.103
 13    46.052 52677.38019682  1.41 174.762719  64.640106  2.103
 13    44.825 52677.38019746  1.06 174.759809  64.643216  2.103
 13    44.724 52677.38019811  1.24 174.756909  64.646326  2.103
 13    42.486 52677.38019875  1.81 174.753999  64.649436  2.103
 13    41.338 52677.38019939  2.57 174.751099  64.652556  2.103
 13    40.845 52677.38020004  3.22 174.748189  64.655666  2.103
 14    46.594 52712.38022631  0.20 174.759911  64.621821  2.135
 14    39.528 52712.38023147  1.80 174.736671  64.646721  2.135
 14    38.210 52712.38023212  2.51 174.733761  64.649831  2.135
 14    36.919 52712.38023276  2.52 174.730851  64.652941  2.135
 14    29.936 52712.38023341  4.96 174.727951  64.656051  2.135
 15    46.864 52747.38025425  0.31 174.761916  64.629384  2.161
 15    43.356 52747.38025748  0.39 174.747406  64.644944  2.161
 15    41.432 52747.38025812  0.76 174.744496  64.648064  2.161
 15    39.925 52747.38025877  0.82 174.741596  64.651174  2.161
 15    38.665 52747.38025941  1.06 174.738686  64.654284  2.161
 15    36.281 52747.38026006  3.25 174.735776  64.657394  2.161
 16    22.632 52782.38018769 13.95 174.776146  64.597457  3.095
 16    39.769 52782.38018833 10.20 174.773246  64.600577  3.095
 16    32.358 52782.38018898 11.87 174.770346  64.603687  3.095
 16    32.231 52782.38018962 10.10 174.767447  64.606800 14.342
 16    34.746 52782.38019027  8.84 174.764547  64.609910 14.342
 16     2.292 52782.38019736 28.39 174.732597  64.644140 14.342
 17     2.600 52817.38026675 27.72 174.775857  64.598098  9.231
 17     3.417 52817.38026739 22.52 174.772962  64.601213 26.621
 17     2.897 52817.38026804 22.59 174.770062  64.604323 26.621
 17     3.008 52817.38026868 22.76 174.767162  64.607433 26.621
 17     2.549 52817.38026933 24.02 174.764262  64.610543 26.621
 17     3.182 52817.38026997 25.64 174.761362  64.613663 26.621
 17     1.171 52817.38027642 34.99 174.732312  64.644773 26.621
 17     0.970 52817.38027706 20.73 174.729402  64.647883 26.621
 18     0.990 52852.38031848 41.89 174.778523  64.606022 38.937
 18     0.878 52852.38031912 45.50 174.775623  64.609132 38.937
 18     1.036 52852.38031976 43.05 174.772733  64.612242 38.937
 18     0.769 52852.38032041 28.58 174.769823  64.615352 38.937
 18     0.915 52852.38032105 31.11 174.766923  64.618472 38.937
 18     1.119 52852.38032170 28.27 174.764023  64.621582 38.937
 18     1.033 52852.38032234 31.87 174.761123  64.624692 38.937
 18     0.906 52852.38032299 33.78 174.758223  64.627802 38.937
 18     0.753 52852.38032750 33.68 174.737883  64.649592 38.937
 18    -1.377 52852.38032815 32.05 174.734973  64.652702 38.937
 18     0.754 52852.38032879 28.90 174.732063  64.655812 38.937
 20     0.446 52922.38031042 43.45 174.779201  64.622381 39.730
 20     0.401 52922.38031106 44.58 174.776301  64.625491 39.730
 20     0.429 52922.38031171 40.32 174.773401  64.628601 39.730
 20     0.310 52922.38031235 38.20 174.770501  64.631721 39.730
 20     0.468 52922.38031300 42.65 174.767601  64.634831 39.730
 20     0.514 52922.38031364 50.65 174.764701  64.637941 39.730
 20     0.421 52922.38031429 51.06 174.761791  64.641051 39.730
 20     0.555 52922.38031493 46.19 174.758891  64.644171 39.730
 20     0.314 52922.38031558 46.64 174.755981  64.647281 39.730
 20     0.369 52922.38031622 52.71 174.753081  64.650391 39.730
 20     0.393 52922.38031687 46.97 174.750171  64.653501 39.730
 20     0.385 52922.38031751 47.56 174.747271  64.656611 39.730
 21     1.033 52957.38027311 23.39 174.779085  64.607128  4.668
 21     1.176 52957.38027375 23.20 174.776185  64.610238  4.668
 21     1.066 52957.38027440 22.23 174.773285  64.613348  4.668
 21     1.031 52957.38027504 22.22 174.770375  64.616458  4.668
 21     1.038 52957.38027569 23.47 174.767475  64.619578  4.668
 21     0.994 52957.38027633 22.34 174.764575  64.622688  4.668
 21     1.066 52957.38027698 23.49 174.761675  64.625798  4.668
 21     0.942 52957.38027762 22.91 174.758765  64.628908  4.668
 21     0.898 52957.38027827 23.14 174.755865  64.632018  4.668
 21     0.803 52957.38027891 23.45 174.752955  64.635128  4.668
 21     0.818 52957.38027956 24.07 174.750055  64.638248  4.668
 21     0.838 52957.38028020 24.52 174.747145  64.641358  4.668
 21     0.808 52957.38028085 25.03 174.744245  64.644468  4.668
 21     0.830 52957.38028149 25.06 174.741335  64.647578  4.668
 21     0.868 52957.38028213 25.15 174.738425  64.650688  4.668
 21     0.898 52957.38028278 25.11 174.735515  64.653798  4.668
 21     0.962 52957.38028342 25.14 174.732605  64.656908  4.668
 22     0.302 52992.38029618 12.28 174.779004  64.612619  2.612
 22     0.443 52992.38029747 12.71 174.773204  64.618839  2.612
 22     0.548 52992.38029812 12.89 174.770304  64.621949  2.612
 22     0.540 52992.38029876 13.25 174.767404  64.625069  2.612
 22     0.357 52992.38029941 13.89 174.764504  64.628179  2.612
 22     0.384 52992.38030005 14.10 174.761594  64.631289  2.612
 22     0.264 52992.38030069 14.33 174.758694  64.634399  2.612
 22     0.232 52992.38030134 14.10 174.755784  64.637509  2.612
 22     0.073 52992.38030198 14.77 174.752884  64.640629  2.612
 22     0.124 52992.38030263 14.57 174.749974  64.643739  2.612
 22     0.001 52992.38030327 14.98 174.747074  64.646849  2.612
 22     0.174 52992.38030392 15.66 174.744164  64.649959  2.612
 22     0.255 52992.38030456 15.77 174.741254  64.653069  2.612
 22     0.360 52992.38030521 15.08 174.738353  64.656178  2.244
 23     0.644 53027.38026582 12.71 174.775028  64.634223  2.317
 23     0.722 53027.38026647 12.41 174.772118  64.637333  2.317
 23     0.708 53027.38026711 12.70 174.769218  64.640453  2.317
 23     0.569 53027.38026776 13.90 174.766318  64.643563  2.317
 23     0.515 53027.38026840 13.66 174.763408  64.646673  2.317
 23     0.462 53027.38026905 14.00 174.760508  64.649783  2.317
 23     0.472 53027.38026969 13.75 174.757598  64.652893  2.317
 23     0.601 53027.38027033 14.33 174.754694  64.656010  2.385
 24     0.813 53062.38027211 11.18 174.774731  64.620497  2.419
 24     0.703 53062.38027276 11.44 174.771831  64.623607  2.419
 24     0.724 53062.38027340 12.26 174.768931  64.626717  2.419
 24     0.600 53062.38027405 12.29 174.766031  64.629837  2.419
 24     0.626 53062.38027469 12.25 174.763121  64.632947  2.419
 24     0.875 53062.38027534 12.04 174.760221  64.636057  2.419
 24     0.627 53062.38027598 12.26 174.757321  64.639167  2.419
 24     0.572 53062.38027663 12.49 174.754411  64.642277  2.419
 24     0.522 53062.38027727 12.89 174.751511  64.645397  2.419
 24     0.666 53062.38027792 13.13 174.748601  64.648507  2.419
 24     0.627 53062.38027856 13.22 174.745691  64.651617  2.419
 24     0.783 53062.38027921 12.78 174.742781  64.654727  2.419
 25    41.074 53097.38029905  0.99 174.753543  64.644526  2.576
 25    37.612 53097.38029969  2.05 174.750643  64.647646  2.576
 25    37.698 53097.38030034  2.63 174.747733  64.650756  2.576
 25    35.938 53097.38030098  2.60 174.744833  64.653866  2.576
 25    34.294 53097.38030162  2.77 174.741923  64.656976  2.576
 26     0.760 53132.38026917 21.90 174.775005  64.619807 23.139
 26     0.596 53132.38026982 24.83 174.772105  64.622927 23.139
 26     0.730 53132.38027046 26.13 174.769195  64.626037 23.139
 26     0.612 53132.38027111 26.83 174.766295  64.629147 23.139
 26     0.396 53132.38027175 26.15 174.763395  64.632257 23.139
 26     0.129 53132.38027240 21.42 174.760485  64.635367 23.139
 26     0.042 53132.38027304 14.45 174.757585  64.638487 23.139
 26    -0.347 53132.38027369 15.25 174.754675  64.641597 23.139
 26    -0.272 53132.38027433 15.53 174.751775  64.644707 23.139
 26     0.618 53132.38027498 13.21 174.748865  64.647817 23.139
 26     0.389 53132.38027562 16.35 174.745955  64.650927 23.139
 26     0.441 53132.38027627 19.48 174.743045  64.654037 23.139
 26     0.478 53132.38027691 22.40 174.740145  64.657157 23.139
 28     1.060 53202.38034465 48.72 174.778506  64.610245 41.813
 28     0.960 53202.38034530 54.45 174.775606  64.613355 41.813
 28     0.901 53202.38034594 52.48 174.772706  64.616465 41.813
 28     0.884 53202.38034659 45.66 174.769806  64.619585 41.813
 28     0.727 53202.38034723 31.04 174.766906  64.622695 41.813
 28     0.411 53202.38034788 33.16 174.764006  64.625805 41.813
 28     0.932 53202.38034852 29.88 174.761096  64.628915 41.813
 28     1.108 53202.38034917 28.62 174.758196  64.632025 41.813
 28     0.939 53202.38034981 35.94 174.755296  64.635145 41.813
 28     1.168 53202.38035046 34.13 174.752386  64.638255 41.813
 28     0.870 53202.38035110 42.62 174.749486  64.641365 41.813
 28     0.816 53202.38035175 48.88 174.746576  64.644475 41.813
 28     0.782 53202.38035239 49.45 174.743676  64.647585 41.813
 28     0.740 53202.38035303 51.81 174.740766  64.650705 41.813
 28     0.723 53202.38035368 52.76 174.737856  64.653815 41.813
 28     0.768 53202.38035432 51.90 174.734956  64.656925 41.813
 29     1.645 53237.38031646 27.73 174.780728  64.626400 20.003
 29     1.694 53237.38031775 21.07 174.774918  64.632620 20.003
 29     1.690 53237.38031839 20.02 174.772018  64.635730 20.003
 29     1.400 53237.38031904 17.69 174.769118  64.638850 20.003
 29     1.275 53237.38031968 16.28 174.766208  64.641960 20.003
 29     1.175 53237.38032033 17.43 174.763308  64.645070 20.003
 29     1.063 53237.38032097 18.28 174.760398  64.648180 20.003
 29     1.186 53237.38032161 17.94 174.757498  64.651290 20.003
 29     1.472 53237.38032226 18.31 174.754588  64.654410 20.003
 29     1.546 53237.38032290 23.97 174.751688  64.657520 20.003
 30     0.935 53272.38026877 25.31 174.775889  64.599773 10.238
 30     0.735 53272.38026941 22.67 174.772989  64.602883 10.238
 30     0.514 53272.38027006 21.39 174.770089  64.606003 10.238
 30     0.793 53272.38027070 20.01 174.767193  64.609113 30.075
 30     1.064 53272.38027135 19.71 174.764293  64.612223 30.075
 30     1.456 53272.38027199 23.92 174.761383  64.615333 30.075
 30     1.173 53272.38027844 18.71 174.732333  64.646453 30.075
 30     0.465 53272.38027908 22.57 174.729423  64.649563 30.075
 30     0.729 53272.38027973 25.62 174.726513  64.652673 30.075
 31     0.243 53307.38033307 25.32 174.776557  64.602952  5.832
 31     0.440 53307.38033372 24.40 174.773667  64.606062  5.832
 31     0.585 53307.38033436 23.96 174.770767  64.609182  5.832
 31     0.533 53307.38033501 26.51 174.767867  64.612292  5.832
 31     0.553 53307.38033565 25.02 174.764960  64.615405 10.227
 31     0.602 53307.38033629 25.96 174.762060  64.618515 10.227
 31     0.457 53307.38034210 28.37 174.735930  64.646525 10.227
 31     0.473 53307.38034274 28.44 174.733020  64.649635 10.227
 31     0.370 53307.38034339 28.11 174.730110  64.652745 10.227
 31     0.549 53307.38034403 28.30 174.727200  64.655855 10.227
 32     0.268 53342.38030342 12.91 174.776347  64.621216  3.112
 32     0.125 53342.38030406 13.74 174.773447  64.624326  3.112
 32     0.282 53342.38030471 14.14 174.770547  64.627436  3.112
 32     0.398 53342.38030535 14.81 174.767647  64.630546  3.112
 32     0.545 53342.38030599 13.96 174.764747  64.633666  3.112
 32     0.585 53342.38030664 14.44 174.761847  64.636776  3.112
 32     0.670 53342.38030728 14.26 174.758937  64.639886  3.112
 32     0.471 53342.38030793 15.20 174.756037  64.642996  3.112
 32     0.334 53342.38030857 15.02 174.753127  64.646106  3.112
 32     0.144 53342.38030922 15.87 174.750227  64.649226  3.112
 32     0.255 53342.38030986 16.47 174.747317  64.652336  3.112
 32     0.348 53342.38031051 15.72 174.744407  64.655446  3.112
 34     1.725 53412.38027898  5.80 174.774833  64.620711  3.645
 34     1.869 53412.38027962  5.93 174.771933  64.623821  3.645
 34     2.716 53412.38028027  5.92 174.769033  64.626931  3.645
 34     2.986 53412.38028091  6.11 174.766123  64.630041  3.645
 34     4.119 53412.38028156  6.38 174.763223  64.633161  3.645
 34     3.134 53412.38028220  6.67 174.760323  64.636271  3.645
 34     4.248 53412.38028285  6.96 174.757413  64.639381  3.645
 34     3.517 53412.38028349  6.74 174.754513  64.642491  3.645
 34     4.324 53412.38028414  6.18 174.751603  64.645601  3.645
 34     3.465 53412.38028478  6.98 174.748703  64.648721  3.645
 34     3.778 53412.38028542  6.56 174.745793  64.651831  3.645
 34     2.951 53412.38028607  7.35 174.742883  64.654941  3.645
 36    22.778 53482.38035580  3.40 174.732354  64.647678  2.421
 36    18.941 53482.38035644  5.19 174.729454  64.650788  2.421
 36    15.009 53482.38035708  5.71 174.726544  64.653898  2.421
 37     4.287 53517.38035104 29.67 174.775266  64.619621 21.188
 37     5.624 53517.38035169 26.85 174.772366  64.622731 21.188
 37     5.002 53517.38035233 28.95 174.769466  64.625841 21.188
 37     5.269 53517.38035298 29.33 174.766566  64.628961 21.188
 37     5.635 53517.38035362 28.22 174.763666  64.632071 21.188
 37     5.594 53517.38035427 28.94 174.760756  64.635181 21.188
 37     5.558 53517.38035491 28.61 174.757856  64.638291 21.188
 37     4.100 53517.38035556 34.95 174.754946  64.641401 21.188
 37     5.307 53517.38035620 39.36 174.752046  64.644521 21.188
 37     5.009 53517.38035685 31.08 174.749136  64.647631 21.188
 37     4.511 53517.38035749 28.80 174.746236  64.650741 21.188
 37     4.055 53517.38035814 38.10 174.743326  64.653851 21.188
 37     2.513 53517.38035878 40.00 174.740416  64.656961 21.188
 38     2.654 53552.38037021 26.58 174.776796  64.610267  8.621
 38     1.540 53552.38037086 27.35 174.773896  64.613376 31.483
 38     1.792 53552.38037150 29.22 174.770996  64.616496 31.483
 38     1.935 53552.38037215 30.84 174.768096  64.619606 31.483
 38     2.165 53552.38037279 33.49 174.765196  64.622716 31.483
 38     2.497 53552.38037344 36.11 174.762296  64.625826 31.483
 38     2.821 53552.38037408 40.83 174.759396  64.628946 31.483
 38     1.226 53552.38037473 47.81 174.756496  64.632056 31.483
 38     1.342 53552.38037537 47.55 174.753586  64.635166 31.483
 38     1.307 53552.38037602 46.00 174.750686  64.638276 31.483
 38     1.224 53552.38037666 43.87 174.747776  64.641386 31.483
 38     1.280 53552.38037731 41.79 174.744876  64.644506 31.483
 38     0.947 53552.38037795 42.76 174.741966  64.647616 31.483
 38     0.936 53552.38037860 42.18 174.739066  64.650726 31.483
 38     1.155 53552.38037924 47.31 174.736156  64.653836 31.483
 38     1.246 53552.38037988 48.72 174.733246  64.656946 31.483
 39     0.767 53587.38032516 47.20 174.779969  64.622769 21.690
 39     1.172 53587.38032581 46.38 174.777059  64.625879 21.690
 39     0.523 53587.38032710 37.44 174.771259  64.632099 21.690
 39     0.519 53587.38032774 34.00 174.768359  64.635219 21.690
 39     0.599 53587.38032838 27.33 174.765459  64.638329 21.690
 39     0.597 53587.38032903 26.51 174.762549  64.641439 21.690
 39     1.204 53587.38032967 24.53 174.759649  64.644549 21.690
 39     1.040 53587.38033032 24.29 174.756739  64.647659 21.690
 39     1.039 53587.38033096 24.37 174.753839  64.650779 21.690
 39     1.722 53587.38033161 24.06 174.750929  64.653889 21.690
 39     2.272 53587.38033225 39.84 174.748019  64.656999 21.690
 41     0.573 53657.38031689 37.32 174.777873  64.603718  6.520
 41     1.305 53657.38031753 25.25 174.774973  64.606838  6.520
 41     0.336 53657.38031818 23.69 174.772073  64.609948  6.520
 41     0.567 53657.38031882 21.75 174.769170  64.613061 22.472
 41     1.064 53657.38031947 22.05 174.766270  64.616171 22.472
 41     1.203 53657.38032011 22.70 174.763370  64.619281 22.472
 41     1.267 53657.38032076 26.66 174.760470  64.622391 22.472
 41     0.064 53657.38032591 23.76 174.737230  64.647291 22.472
 41     0.149 53657.38032656 23.55 174.734320  64.650401 22.472
 41     0.272 53657.38032720 27.60 174.731410  64.653511 22.472
 41     0.244 53657.38032785 31.17 174.728500  64.656621 22.472
 42     0.437 53692.38030419 19.06 174.776649  64.619065  5.085
 42     0.536 53692.38030483 19.00 174.773749  64.622185  5.085
 42     0.471 53692.38030548 19.04 174.770849  64.625295  5.085
 42     0.516 53692.38030612 21.88 174.767939  64.628405  5.085
 42     0.430 53692.38030677 21.18 174.765039  64.631515  5.085
 42     0.510 53692.38030741 20.87 174.762139  64.634635  5.085
 42     0.490 53692.38030806 19.63 174.759239  64.637745  5.085
 42     0.495 53692.38030870 20.69 174.756329  64.640855  5.085
 42     0.413 53692.38030934 20.29 174.753429  64.643965  5.085
 42     0.358 53692.38030999 20.39 174.750519  64.647075  5.085
 42     0.332 53692.38031063 19.52 174.747619  64.650195  5.085
 42     0.211 53692.38031128 19.86 174.744709  64.653305  5.085
 42     0.059 53692.38031192 18.70 174.741799  64.656415  5.085
 43     0.754 53727.38023064 14.74 174.775872  64.635407  2.933
 43     0.739 53727.38023128 14.92 174.772972  64.638527  2.933
 43     0.765 53727.38023192 15.12 174.770062  64.641637  2.933
 43     0.765 53727.38023257 15.86 174.767162  64.644747  2.933
 43     0.703 53727.38023321 16.29 174.764262  64.647857  2.933
 43     0.617 53727.38023386 16.31 174.761352  64.650967  2.933
 43     0.681 53727.38023450 17.02 174.758452  64.654087  2.933
 43     0.696 53727.38023515 16.34 174.755542  64.657197  2.933
 44     0.500 53762.38018100 13.98 174.776887  64.611154  2.102
 44     0.591 53762.38018164 14.00 174.773990  64.614265  2.797
 44     0.633 53762.38018229 14.23 174.771090  64.617375  2.797
 44     0.647 53762.38018293 14.89 174.768180  64.620485  2.797
 44     0.619 53762.38018357 15.21 174.765280  64.623595  2.797
 44     0.534 53762.38018422 15.05 174.762380  64.626715  2.797
 44     0.531 53762.38018486 15.56 174.759470  64.629825  2.797
 44     0.511 53762.38018551 15.40 174.756570  64.632935  2.797
 44     0.383 53762.38018615 15.77 174.753670  64.636045  2.797
 44     0.304 53762.38018680 16.14 174.750760  64.639155  2.797
 44     0.323 53762.38018744 15.60 174.747850  64.642265  2.797
 44     0.336 53762.38018809 15.94 174.744950  64.645385  2.797
 44     0.366 53762.38018873 16.19 174.742040  64.648495  2.797
 44     0.303 53762.38018938 15.32 174.739130  64.651605  2.797
 44     0.335 53762.38019002 15.56 174.736220  64.654715  2.797
 45     0.141 53797.38019501  9.98 174.781388  64.624548  2.349
 45     0.304 53797.38019694  9.92 174.772688  64.633888  2.349
 45     0.460 53797.38019759 10.15 174.769778  64.636998  2.349
 45     0.311 53797.38019823 10.42 174.766878  64.640108  2.349
 45     0.314 53797.38019888 10.19 174.763978  64.643218  2.349
 45     0.320 53797.38019952 10.95 174.761068  64.646328  2.349
 45     0.365 53797.38020017 10.63 174.758168  64.649448  2.349
 45     0.316 53797.38020081 10.42 174.755258  64.652558  2.349
 45     0.455 53797.38020146 10.46 174.752358  64.655668  2.349
 47     4.394 53867.38025026  1.29 174.778072  64.604220  2.562
 47    30.598 53867.38025091  1.19 174.775172  64.607330  2.562
 47    32.744 53867.38025155  1.32 174.772272  64.610440  2.562
 47    35.073 53867.38025220  1.96 174.769372  64.613550  2.562
 47     4.054 53867.38025284  1.80 174.766472  64.616670  2.562
 47     3.496 53867.38025349  2.61 174.763564  64.619782  2.349
 47     3.798 53867.38025413  2.71 174.760664  64.622892  2.349
 48     2.677 53902.38028180 37.82 174.778950  64.610063 17.988
 48     2.454 53902.38028244 30.80 174.776050  64.613183 17.988
 48     2.269 53902.38028309 27.42 174.773150  64.616293 17.988
 48     1.935 53902.38028373 29.47 174.770250  64.619403 17.988
 48     1.913 53902.38028437 26.91 174.767350  64.622513 17.988
 48     2.093 53902.38028502 24.67 174.764450  64.625633 17.988
 48     2.009 53902.38028566 23.18 174.761540  64.628743 17.988
 48     2.052 53902.38028631 23.15 174.758640  64.631853 17.988
 48     2.235 53902.38028695 22.88 174.755740  64.634963 17.988
 48     2.260 53902.38028760 23.69 174.752830  64.638073 17.988
 48     2.253 53902.38028824 25.72 174.749930  64.641193 17.988
 48     2.159 53902.38028889 23.12 174.747020  64.644303 17.988
 48     2.058 53902.38028953 20.57 174.744120  64.647413 17.988
 48     1.724 53902.38029018 20.59 174.741210  64.650523 17.988
 48     2.068 53902.38029082 22.15 174.738300  64.653633 17.988
 48     2.295 53902.38029147 24.69 174.735390  64.656743 17.988
 49     0.154 53937.38031823 16.96 174.776623  64.602804  7.441
 49     1.517 53937.38031887 14.48 174.773723  64.605914  7.441
 49     2.045 53937.38031952 15.10 174.770833  64.609024  7.441
 49     1.067 53937.38032016 15.18 174.767933  64.612144  7.441
 49     1.387 53937.38032081 18.52 174.765033  64.615254  7.441
 49     1.428 53937.38032145 23.49 174.762124  64.618370 30.120
 49     1.002 53937.38032726 19.15 174.735994  64.646370 30.120
 49     0.552 53937.38032790 21.57 174.733094  64.649490 30.120
 49     0.532 53937.38032854 23.04 174.730184  64.652600 30.120
 49     0.688 53937.38032919 24.49 174.727274  64.655710 30.120
 50     0.978 53972.38028568 41.90 174.775221  64.621033  9.660
 50     1.093 53972.38028632 41.22 174.772315  64.624140 20.507
 50     1.264 53972.38028697 28.08 174.769415  64.627260 20.507
 50     0.952 53972.38028761 25.61 174.766515  64.630370 20.507
 50     0.669 53972.38028826 25.62 174.763615  64.633480 20.507
 50     0.698 53972.38028890 26.51 174.760715  64.636590 20.507
 50     0.001 53972.38028955 29.77 174.757805  64.639710 20.507
 50    -0.076 53972.38029019 29.55 174.754905  64.642820 20.507
 50     0.329 53972.38029084 30.22 174.751995  64.645930 20.507
 50     0.659 53972.38029148 29.25 174.749095  64.649040 20.507
 50     0.929 53972.38029213 35.28 174.746185  64.652150 20.507
 50     0.994 53972.38029277 44.63 174.743285  64.655270 20.507
 51     1.010 54007.38026778 24.47 174.776981  64.601609  8.638
 51     1.231 54007.38026842 22.85 174.774081  64.604719  8.638
 51     1.346 54007.38026906 21.24 174.771181  64.607829  8.638
 51     1.080 54007.38026971 22.64 174.768281  64.610949  8.638
 51     1.271 54007.38027035 20.70 174.765381  64.614059  8.638
 51     1.575 54007.38027100 21.79 174.762482  64.617170 32.133
 51     1.562 54007.38027164 35.03 174.759582  64.620280 32.133
 51     0.875 54007.38027745 17.99 174.733432  64.648290 32.133
 51     0.790 54007.38027809 20.53 174.730522  64.651400 32.133
 51     0.896 54007.38027873 25.27 174.727612  64.654510 32.133
 52     0.041 54042.38029432 32.79 174.777768  64.611558  9.515
 52     0.089 54042.38029496 32.21 174.774868  64.614668  9.515
 52     0.255 54042.38029561 32.57 174.771968  64.617788  9.515
 52     0.167 54042.38029625 32.36 174.769068  64.620898  9.515
 52     0.248 54042.38029690 33.05 174.766162  64.624009 14.233
 52     0.187 54042.38029754 31.69 174.763262  64.627119 14.233
 52     0.077 54042.38029818 33.35 174.760362  64.630229 14.233
 52     0.070 54042.38029883 33.39 174.757452  64.633339 14.233
 52    -0.081 54042.38029947 32.58 174.754552  64.636459 14.233
 52    -0.120 54042.38030012 31.79 174.751642  64.639569 14.233
 52    -0.295 54042.38030076 32.00 174.748742  64.642679 14.233
 52    -0.125 54042.38030141 30.01 174.745832  64.645789 14.233
 52     0.173 54042.38030205 32.50 174.742922  64.648899 14.233
 52     0.238 54042.38030270 32.39 174.740012  64.652009 14.233
 52    -0.058 54042.38030334 32.62 174.737112  64.655129 14.233
 53    52.209 54077.38029035  0.32 174.776191  64.622610  1.601
 53    48.326 54077.38029100  0.90 174.773296  64.625724  4.947
 53    47.564 54077.38029164  0.65 174.770396  64.628834  4.947
 53    46.383 54077.38029229  0.89 174.767486  64.631944  4.947
 53    46.822 54077.38029293  0.36 174.764586  64.635054  4.947
 53    45.371 54077.38029358  0.20 174.761686  64.638164  4.947
 53    43.267 54077.38029487  0.55 174.755876  64.644394  4.947
 53    40.489 54077.38029551  1.75 174.752976  64.647504  4.947
 53    39.460 54077.38029616  2.22 174.750066  64.650614  4.947
 53    27.162 54077.38029680  5.62 174.747156  64.653724  4.947
 54    43.299 54112.38023492  0.81 174.762216  64.647807  3.159
 54    40.171 54112.38023557  1.59 174.759316  64.650917  3.159
 54    41.700 54112.38023621  2.03 174.756406  64.654027  3.159
 54    40.724 54112.38023686  1.87 174.753506  64.657147  3.159
 56    43.295 54182.38022368  0.26 174.756920  64.651430  1.779
 56    40.526 54182.38022433  0.88 174.754014  64.654548  2.424
 56    40.894 54182.38022497  0.56 174.751104  64.657658  2.424
 57    35.235 54217.38024741  0.92 174.738964  64.647334  2.962
 57    32.860 54217.38024805  2.90 174.736054  64.650454  2.962
 57    14.525 54217.38024934  8.56 174.730244  64.656674  2.962
 58    63.118 54252.38026570  6.14 174.777424  64.611572  8.047
 58    59.728 54252.38026635  9.92 174.774524  64.614682  8.047
 58    41.953 54252.38026699  9.76 174.771624  64.617792  8.047
 58     5.943 54252.38026828 28.41 174.765824  64.624022  8.047
 58     7.423 54252.38026892 28.13 174.762914  64.627132  8.047
 58     8.128 54252.38026957 32.12 174.760014  64.630242  8.047
 58     6.945 54252.38027021 40.96 174.757114  64.633352  8.047
 58     1.036 54252.38027086 38.22 174.754214  64.636462  8.047
 58     8.078 54252.38027150 28.33 174.751304  64.639582  8.047
 58     8.604 54252.38027215 35.09 174.748398  64.642691 20.811
 58     8.125 54252.38027279 38.10 174.745488  64.645801 20.811
 58     6.600 54252.38027344 45.20 174.742588  64.648911 20.811
 58     6.342 54252.38027408 39.33 174.739678  64.652021 20.811
 58     7.584 54252.38027473 40.32 174.736768  64.655141 20.811
 59     0.803 54287.38027208 30.48 174.776185  64.620451 12.703
 59     0.695 54287.38027273 22.06 174.773285  64.623561 12.703
 59     0.629 54287.38027337 22.57 174.770385  64.626671 12.703
 59     0.904 54287.38027402 23.69 174.767485  64.629781 12.703
 59     0.903 54287.38027466 23.02 174.764575  64.632901 12.703
 59     1.099 54287.38027531 21.25 174.761675  64.636011 12.703
 59     1.256 54287.38027595 20.97 174.758775  64.639121 12.703
 59     1.227 54287.38027660 20.22 174.755865  64.642231 12.703
 59     1.150 54287.38027724 19.37 174.752965  64.645351 12.703
 59     0.848 54287.38027789 16.72 174.750059  64.648458 20.183
 59     0.668 54287.38027853 16.95 174.747149  64.651568 20.183
 59     0.925 54287.38027917 18.34 174.744239  64.654678 20.183
 60     0.652 54322.38026917 31.63 174.774821  64.619836 12.852
 60     0.551 54322.38026981 23.21 174.771921  64.622946 12.852
 60     0.700 54322.38027046 22.19 174.769021  64.626056 12.852
 60     0.812 54322.38027110 21.53 174.766111  64.629166 12.852
 60     0.814 54322.38027175 20.04 174.763211  64.632286 12.852
 60     1.021 54322.38027239 17.85 174.760311  64.635396 12.852
 60     1.247 54322.38027303 17.49 174.757411  64.638506 12.852
 60     0.771 54322.38027368 23.52 174.754501  64.641616 12.852
 60     0.858 54322.38027432 17.83 174.751591  64.644726 12.852
 60     0.357 54322.38027497 19.23 174.748694  64.647841 19.118
 60     0.614 54322.38027561 22.40 174.745784  64.650951 19.118
 60     0.648 54322.38027626 30.03 174.742874  64.654061 19.118
 60     0.624 54322.38027690 40.71 174.739974  64.657181 19.118
 61     1.412 54357.38023073 22.67 174.772679  64.635609  9.094
 61     1.180 54357.38023137 21.25 174.769769  64.638719  9.094
 61     1.091 54357.38023202 21.19 174.766869  64.641829  9.094
 61     1.322 54357.38023266 21.09 174.763969  64.644939  9.094
 61     1.130 54357.38023331 20.63 174.761059  64.648049  9.094
 61     0.708 54357.38023395 21.54 174.758159  64.651169  9.094
 61     1.419 54357.38023460 19.66 174.755250  64.654279  9.298
 62     0.409 54392.38020798 33.29 174.779792  64.611605 31.132
 62     0.674 54392.38020927 40.58 174.773992  64.617835 31.132
 62     0.557 54392.38020991 43.69 174.771092  64.620945 31.132
 62     0.662 54392.38021056 42.39 174.768192  64.624055 31.132
 62     0.488 54392.38021120 45.19 174.765282  64.627165 31.132
 62     0.345 54392.38021185 42.37 174.762382  64.630275 31.132
 62     0.475 54392.38021249 40.59 174.759482  64.633395 31.132
 62     0.365 54392.38021314 39.36 174.756572  64.636505 31.132
 62     0.418 54392.38021378 40.69 174.753672  64.639615 31.132
 62     0.436 54392.38021442 40.72 174.750762  64.642725 31.132
 62     0.257 54392.38021507 40.74 174.747862  64.645835 31.132
 62     0.285 54392.38021571 43.28 174.744952  64.648955 31.132
 62     0.323 54392.38021636 46.98 174.742052  64.652065 31.132
 62     0.292 54392.38021700 39.00 174.739142  64.655175 31.132
 63     0.464 54427.38017800 19.37 174.778320  64.621215  4.574
 63     0.518 54427.38017864 19.95 174.775420  64.624335  4.574
 63     0.353 54427.38017929 20.36 174.772520  64.627445  4.574
 63     0.415 54427.38017993 20.50 174.769620  64.630555  4.574
 63     0.321 54427.38018057 20.91 174.766720  64.633665  4.574
 63     0.407 54427.38018122 21.16 174.763810  64.636775  4.574
 63     0.318 54427.38018186 22.27 174.760910  64.639895  4.574
 63     0.127 54427.38018251 22.99 174.758000  64.643005  4.574
 63     0.185 54427.38018315 23.28 174.755100  64.646115  4.574
 63     0.243 54427.38018380 23.54 174.752190  64.649225  4.574
 63     0.245 54427.38018444 23.29 174.749290  64.652335  4.574
 63     0.224 54427.38018509 22.96 174.746380  64.655455  4.574
 64     0.424 54462.38018520 10.62 174.777931  64.608300  2.259
 64     0.580 54462.38018585 10.67 174.775031  64.611410  2.259
 64     0.539 54462.38018649 10.54 174.772131  64.614530  2.259
 64     0.564 54462.38018714 10.99 174.769231  64.617640  2.259
 64     0.426 54462.38018778 11.39 174.766331  64.620750  2.259
 64     0.560 54462.38018843 11.49 174.763421  64.623860  2.259
 64     0.482 54462.38018907 11.89 174.760521  64.626970  2.259
 64     0.233 54462.38018972 12.35 174.757621  64.630090  2.259
 64     0.482 54462.38019036 12.08 174.754711  64.633200  2.259
 64     0.368 54462.38019101 12.10 174.751811  64.636310  2.259
 64     0.072 54462.38019165 12.14 174.748901  64.639420  2.259
 64     0.289 54462.38019230 12.29 174.746001  64.642530  2.259
 64     0.414 54462.38019359 12.20 174.740181  64.648760  2.259
 64     0.482 54462.38019423 11.92 174.737281  64.651870  2.259
 64     0.658 54462.38019487 12.01 174.734371  64.654980  2.259
 65     0.513 54497.38018609  9.08 174.778767  64.620873  2.253
 65     0.672 54497.38018674  9.23 174.775867  64.623983  2.253
 65     0.603 54497.38018738  9.81 174.772967  64.627103  2.253
 65     0.542 54497.38018803  9.86 174.770067  64.630213  2.253
 65     0.551 54497.38018867  9.68 174.767167  64.633323  2.253
 65     0.577 54497.38018932  9.26 174.764267  64.636433  2.253
 65     0.433 54497.38018996  9.32 174.761357  64.639543  2.253
 65     0.382 54497.38019061  9.56 174.758457  64.642663  2.253
 65     0.450 54497.38019125 10.27 174.755547  64.645773  2.253
 65     0.514 54497.38019189  9.78 174.752647  64.648883  2.253
 65     0.631 54497.38019254  9.56 174.749737  64.651993  2.253
 65     0.899 54497.38019318  9.85 174.746827  64.655103  2.253
 66     0.601 54532.38019924  8.18 174.778107  64.612493  2.275
 66     0.646 54532.38019989  8.34 174.775207  64.615613  2.275
 66     0.802 54532.38020053  8.43 174.772307  64.618723  2.275
 66     0.670 54532.38020118  8.98 174.769407  64.621833  2.275
 66     0.643 54532.38020182  9.02 174.766497  64.624943  2.275
 66     0.719 54532.38020247  9.51 174.763597  64.628053  2.275
 66     0.494 54532.38020311  9.48 174.760697  64.631173  2.275
 66     0.737 54532.38020376  9.55 174.757787  64.634283  2.275
 66     0.751 54532.38020440  9.19 174.754887  64.637393  2.275
 66     0.580 54532.38020504  9.33 174.751987  64.640503  2.275
 66     0.391 54532.38020569  9.30 174.749077  64.643613  2.275
 66     0.402 54532.38020633  9.37 174.746167  64.646733  2.275
 66     0.619 54532.38020698  9.06 174.743267  64.649843  2.275
 66     0.639 54532.38020762  9.69 174.740357  64.652953  2.275
 66     0.769 54532.38020827  9.01 174.737447  64.656063  2.275
 67     0.685 54567.38019175  8.17 174.781573  64.624808  2.199
 67     0.571 54567.38019369  8.09 174.772863  64.634148  2.199
 67     0.727 54567.38019433  7.91 174.769963  64.637258  2.199
 67     0.819 54567.38019497  7.87 174.767063  64.640378  2.199
 67     0.615 54567.38019562  7.98 174.764153  64.643488  2.199
 67     0.450 54567.38019626  8.46 174.761253  64.646598  2.199
 67     1.532 54567.38019691  8.15 174.758353  64.649708  2.199
 67     0.900 54567.38019755  8.38 174.755443  64.652818  2.199
 67     0.944 54567.38019820  7.86 174.752543  64.655938  2.199
 68    28.423 54602.38019865  4.00 174.759025  64.631528  2.454
 68    37.399 54602.38019929  3.55 174.756115  64.634638  2.454
 68    35.685 54602.38019994  3.56 174.753215  64.637758  2.454
 68    41.989 54602.38020058  0.27 174.750305  64.640868  2.454
 68    37.348 54602.38020381  0.57 174.735775  64.656428  2.454
 69     6.133 54637.38020570 41.44 174.780302  64.612052 23.466
 69     5.754 54637.38020699 42.55 174.774502  64.618272 23.466
 69     5.132 54637.38020764 42.21 174.771602  64.621392 23.466
 69     5.347 54637.38020828 33.54 174.768702  64.624502 23.466
 69     5.522 54637.38020893 39.59 174.765792  64.627612 23.466
 69     5.441 54637.38020957 41.95 174.762892  64.630722 23.466
 69     5.636 54637.38021022 40.97 174.759992  64.633842 23.466
 69     4.755 54637.38021086 41.89 174.757082  64.636952 23.466
 69     4.244 54637.38021151 42.90 174.754182  64.640062 23.466
 69     3.831 54637.38021215 42.53 174.751282  64.643172 23.466
 69     3.553 54637.38021280 42.77 174.748372  64.646282 23.466
 69     3.364 54637.38021344 43.63 174.745472  64.649392 23.466
 69     3.283 54637.38021409 45.08 174.742562  64.652512 23.466
 69     3.451 54637.38021473 45.17 174.739652  64.655622 23.466
 70     5.360 54672.38020930 18.23 174.780492  64.613287 14.698
 70     4.557 54672.38021059 23.34 174.774692  64.619517 14.698
 70     4.269 54672.38021123 15.71 174.771792  64.622627 14.698
 70     4.210 54672.38021188 16.83 174.768892  64.625737 14.698
 70     3.751 54672.38021252 18.99 174.765982  64.628847 14.698
 70     3.499 54672.38021317 18.08 174.763082  64.631957 14.698
 70     4.140 54672.38021381 16.04 174.760182  64.635077 14.698
 70     3.902 54672.38021446 18.25 174.757272  64.638187 14.698
 70     3.297 54672.38021510 18.80 174.754372  64.641297 14.698
 70     2.998 54672.38021575 17.01 174.751472  64.644407 14.698
 70     2.690 54672.38021639 16.73 174.748562  64.647517 14.698
 70     2.183 54672.38021704 16.37 174.745652  64.650637 14.698
 70     2.181 54672.38021768 23.00 174.742752  64.653747 14.698
 70     2.655 54672.38021833 27.99 174.739842  64.656857 14.698
 71     0.416 54707.38017050 31.94 174.780539  64.622526  9.411
 71     0.568 54707.38017114 21.09 174.777639  64.625646  9.411
 71     1.303 54707.38017243 14.98 174.771839  64.631866  9.411
 71     1.114 54707.38017308 17.62 174.768929  64.634976  9.411
 71     1.047 54707.38017372 15.82 174.766029  64.638086  9.411
 71     0.856 54707.38017437 14.75 174.763129  64.641206  9.411
 71     0.512 54707.38017501 16.15 174.760219  64.644316  9.411
 71     0.539 54707.38017566 16.44 174.757319  64.647426  9.411
 71     0.442 54707.38017630 17.64 174.754409  64.650536  9.411
 71     0.591 54707.38017695 18.38 174.751509  64.653646  9.411
 71     2.275 54707.38017759 19.77 174.748599  64.656766  9.411
 72     1.121 54742.38017390 51.14 174.777567  64.610665 25.164
 72     1.006 54742.38017455 53.30 174.774667  64.613775 25.164
 72     0.918 54742.38017519 45.44 174.771767  64.616895 25.164
 72     1.041 54742.38017584 42.07 174.768867  64.620005 25.164
 72     1.037 54742.38017648 39.75 174.765967  64.623115 25.164
 72     0.900 54742.38017713 39.71 174.763057  64.626225 25.164
 72     0.991 54742.38017777 37.63 174.760157  64.629335 25.164
 72     1.049 54742.38017842 27.28 174.757257  64.632455 25.164
 72     1.014 54742.38017906 23.40 174.754347  64.635565 25.164
 72     1.280 54742.38017971 21.31 174.751447  64.638675 25.164
 72     1.166 54742.38018035 21.41 174.748537  64.641785 25.164
 72     1.026 54742.38018099 21.16 174.745637  64.644895 25.164
 72     0.688 54742.38018164 22.06 174.742727  64.648015 25.164
 72     0.960 54742.38018228 26.33 174.739817  64.651125 25.164
 72     1.254 54742.38018293 36.36 174.736917  64.654235 25.164
 73     0.273 54777.38015185 25.02 174.777020  64.622519  5.885
 73     0.266 54777.38015249 25.15 174.774120  64.625629  5.885
 73     0.258 54777.38015314 25.33 174.771220  64.628739  5.885
 73     0.311 54777.38015378 25.62 174.768320  64.631849  5.885
 73     0.352 54777.38015443 25.60 174.765410  64.634959  5.885
 73     0.324 54777.38015507 25.82 174.762510  64.638079  5.885
 73     0.214 54777.38015572 24.62 174.759600  64.641189  5.885
 73     0.221 54777.38015636 23.68 174.756700  64.644299  5.885
 73     0.167 54777.38015701 24.18 174.753790  64.647409  5.885
 73     0.118 54777.38015765 23.63 174.750890  64.650519  5.885
 73     0.119 54777.38015830 23.38 174.747980  64.653639  5.885
 73     0.127 54777.38015894 22.36 174.745080  64.656749  5.885
 74     0.347 54812.38016644 17.03 174.777457  64.605408  3.208
 74     0.614 54812.38016708 16.51 174.774567  64.608518  3.208
 74     0.522 54812.38016773 17.15 174.771667  64.611628  3.208
 74     0.613 54812.38016837 16.14 174.768757  64.614738  3.208
 74     0.469 54812.38016901 16.61 174.765857  64.617858  3.208
 74     0.472 54812.38016966 16.48 174.762957  64.620968  3.208
 74     0.345 54812.38017030 16.73 174.760057  64.624078  3.208
 74     0.422 54812.38017546 16.83 174.736817  64.648968  3.208
 74     0.567 54812.38017611 17.01 174.733907  64.652078  3.208
 74     0.681 54812.38017675 15.96 174.730997  64.655198  3.208
 75     0.562 54847.38015239 12.65 174.776564  64.623354  2.560
 75     0.373 54847.38015303 12.76 174.773664  64.626464  2.560
 75     0.440 54847.38015368 12.58 174.770764  64.629574  2.560
 75     0.461 54847.38015432 13.08 174.767864  64.632684  2.560
 75     0.493 54847.38015497 12.79 174.764954  64.635794  2.560
 75     0.422 54847.38015561 13.13 174.762054  64.638914  2.560
 75     0.375 54847.38015626 12.99 174.759144  64.642024  2.560
 75     0.335 54847.38015690 13.03 174.756244  64.645134  2.560
 75     0.152 54847.38015755 13.32 174.753334  64.648244  2.560
 75     0.238 54847.38015819 13.90 174.750434  64.651354  2.560
 75     0.467 54847.38015883 12.44 174.747524  64.654474  2.560
 75     0.645 54847.38015948 12.58 174.744624  64.657584  2.560
 76     0.861 54882.38017038 17.14 174.777387  64.609430  4.098
 76     1.147 54882.38017102 22.21 174.774487  64.612540  4.098
 76     1.027 54882.38017167 14.28 174.771587  64.615660  4.098
 76     0.634 54882.38017231 13.00 174.768687  64.618770  4.098
 76     0.634 54882.38017296 11.87 174.765787  64.621880  4.098
 76     0.545 54882.38017360 11.82 174.762877  64.624990  4.098
 76     0.447 54882.38017425 12.32 174.759977  64.628100  4.098
 76     0.542 54882.38017489 11.98 174.757077  64.631220  4.098
 76     0.486 54882.38017554 12.58 174.754167  64.634330  4.098
 76     0.485 54882.38017618 12.33 174.751267  64.637440  4.098
 76     0.209 54882.38017682 12.32 174.748357  64.640550  4.098
 76     0.232 54882.38017747 12.31 174.745457  64.643660  4.098
 76     0.406 54882.38017811 12.09 174.742547  64.646770  4.098
 76     0.492 54882.38017876 12.37 174.739647  64.649890  4.098
 76     0.751 54882.38017940 11.85 174.736737  64.653000  4.098
 76     0.853 54882.38018005 11.53 174.733827  64.656110  4.098
 77     0.538 54917.38015512  8.09 174.780065  64.623475  2.248
 77     0.548 54917.38015576  8.62 174.777165  64.626585  2.248
 77     0.319 54917.38015705  9.08 174.771365  64.632805  2.248
 77     0.317 54917.38015770  8.86 174.768465  64.635915  2.248
 77     0.323 54917.38015834  8.64 174.765565  64.639035  2.248
 77     0.337 54917.38015899  8.13 174.762655  64.642145  2.248
 77     0.239 54917.38015963  8.67 174.759755  64.645255  2.248
 77     0.138 54917.38016028  9.06 174.756855  64.648365  2.248
 77     0.301 54917.38016092  9.67 174.753945  64.651475  2.248
 77     0.570 54917.38016157  8.48 174.751045  64.654595  2.248
 77     0.806 54917.38016221  7.93 174.748135  64.657705  2.248
 78     0.981 54952.38016481  6.32 174.776750  64.610859  1.789
 78     0.901 54952.38016545  6.58 174.773850  64.613969  1.789
 78     0.822 54952.38016610  7.03 174.770950  64.617079  1.789
 78     0.633 54952.38016674  7.28 174.768050  64.620199  1.789
 78     0.528 54952.38016739  7.33 174.765150  64.623309  1.789
 78     0.434 54952.38016803  7.80 174.762245  64.626422  2.406
 78     0.626 54952.38016867  8.10 174.759345  64.629532  2.406
 78     0.433 54952.38016932  8.78 174.756445  64.632642  2.406
 78     0.490 54952.38016996  8.32 174.753535  64.635752  2.406
 78     0.211 54952.38017061  8.90 174.750635  64.638862  2.406
 78     0.236 54952.38017125  8.46 174.747725  64.641982  2.406
 78     0.129 54952.38017190  8.71 174.744825  64.645092  2.406
 78     0.384 54952.38017254  8.17 174.741915  64.648202  2.406
 78     0.446 54952.38017319  8.14 174.739005  64.651312  2.406
 78     0.826 54952.38017383  7.60 174.736095  64.654422  2.406
 79     2.514 54987.38018869 24.31 174.778183  64.608890  9.866
 79     2.548 54987.38018933 23.03 174.775283  64.612000  9.866
 79     2.403 54987.38018998 22.80 174.772383  64.615120  9.866
 79     2.238 54987.38019062 24.44 174.769483  64.618230  9.866
 79     2.223 54987.38019126 22.48 174.766573  64.621340  9.866
 79     2.132 54987.38019191 22.43 174.763673  64.624450  9.866
 79     2.064 54987.38019255 22.03 174.760773  64.627560  9.866
 79     2.300 54987.38019320 21.80 174.757873  64.630680  9.866
 79     2.195 54987.38019384 21.30 174.754963  64.633790  9.866
 79     2.346 54987.38019449 26.26 174.752063  64.636900  9.866
 79     2.250 54987.38019513 25.22 174.749163  64.640010  9.866
 79     2.326 54987.38019578 27.24 174.746253  64.643120  9.866
 79     2.243 54987.38019642 26.27 174.743343  64.646230  9.866
 79     1.801 54987.38019707 21.60 174.740443  64.649350  9.866
 79     1.756 54987.38019771 23.14 174.737533  64.652460  9.866
 79     2.067 54987.38019836 23.12 174.734623  64.655570  9.866
 80     6.738 55022.38018335 17.45 174.776141  64.621499 16.744
 80     9.578 55022.38018400 14.30 174.773241  64.624609 16.744
 80    10.343 55022.38018464 16.07 174.770331  64.627719 16.744
 80     9.460 55022.38018528 19.34 174.767431  64.630829 16.744
 80    10.429 55022.38018593 19.29 174.764531  64.633949 16.744
 80     5.479 55022.38018657 20.21 174.761631  64.637059 16.744
 80     6.336 55022.38018722 17.97 174.758721  64.640169 16.744
 80     6.527 55022.38018786 17.62 174.755821  64.643279 16.744
 80     4.030 55022.38018851 17.55 174.752911  64.646389 16.744
 80     3.479 55022.38018915 16.43 174.750011  64.649509 16.744
 80     3.512 55022.38018980 17.37 174.747101  64.652619 16.744
 80     4.073 55022.38019044 22.27 174.744191  64.655729 16.744
 81     0.814 55057.38017939 41.41 174.775906  64.620623 36.188
 81     0.895 55057.38018003 46.09 174.773006  64.623733 36.188
 81     0.856 55057.38018068 46.41 174.770106  64.626843 36.188
 81     0.822 55057.38018132 48.61 174.767196  64.629953 36.188
 81     0.817 55057.38018197 49.96 174.764296  64.633063 36.188
 81     0.697 55057.38018261 51.15 174.761396  64.636183 36.188
 81     0.797 55057.38018326 50.53 174.758486  64.639293 36.188
 81     0.650 55057.38018390 51.33 174.755586  64.642403 36.188
 81     0.684 55057.38018455 50.67 174.752676  64.645513 36.188
 81     0.730 55057.38018519 48.92 174.749776  64.648623 36.188
 81     0.750 55057.38018584 48.57 174.746866  64.651743 36.188
 81     0.773 55057.38018648 49.24 174.743966  64.654853 36.188
 82     1.550 55092.38013605 50.94 174.779706  64.624520 36.066
 82     0.785 55092.38013669 50.23 174.776806  64.627640 36.066
 82     0.824 55092.38013798 47.34 174.771006  64.633860 36.066
 82     0.892 55092.38013863 30.06 174.768106  64.636970 36.066
 82     0.658 55092.38013927 29.17 174.765196  64.640080 36.066
 82     0.460 55092.38013992 44.22 174.762296  64.643200 36.066
 82     0.743 55092.38014056 40.64 174.759386  64.646310 36.066
 82     0.485 55092.38014120 27.62 174.756486  64.649420 36.066
 82     0.561 55092.38014185 39.98 174.753576  64.652530 36.066
 82     0.467 55092.38014249 47.23 174.750676  64.655640 36.066
 83     0.744 55127.38011771 38.30 174.777350  64.613102 30.416
 83     0.530 55127.38011835 40.66 174.774450  64.616222 30.416
 83     0.648 55127.38011900 43.08 174.771550  64.619332 30.416
 83     0.562 55127.38011964 48.11 174.768640  64.622442 30.416
 83     0.607 55127.38012029 43.95 174.765740  64.625552 30.416
 83     0.457 55127.38012093 42.88 174.762840  64.628662 30.416
 83     0.615 55127.38012158 42.72 174.759940  64.631782 30.416
 83     0.408 55127.38012222 40.47 174.757030  64.634892 30.416
 83     0.462 55127.38012287 38.92 174.754130  64.638002 30.416
 83     0.485 55127.38012351 40.68 174.751220  64.641112 30.416
 83     0.483 55127.38012416 43.12 174.748320  64.644222 30.416
 83     0.513 55127.38012480 47.32 174.745410  64.647332 30.416
 83     0.514 55127.38012544 46.03 174.742510  64.650452 30.416
 83     0.544 55127.38012609 43.95 174.739600  64.653562 30.416
 83     0.500 55127.38012673 39.75 174.736690  64.656672 30.416
 84     0.601 55162.38009701 25.46 174.776036  64.621851  5.491
 84     0.592 55162.38009765 25.45 174.773136  64.624971  5.491
 84     0.664 55162.38009830 25.05 174.770236  64.628081  5.491
 84     0.685 55162.38009894 24.03 174.767336  64.631191  5.491
 84     0.789 55162.38009959 23.94 174.764436  64.634301  5.491
 84     0.701 55162.38010023 23.00 174.761526  64.637411  5.491
 84     0.762 55162.38010087 23.06 174.758626  64.640531  5.491
 84     0.708 55162.38010152 22.83 174.755716  64.643641  5.491
 84     0.678 55162.38010216 22.71 174.752816  64.646751  5.491
 84     0.580 55162.38010281 23.15 174.749906  64.649861  5.491
 84     0.569 55162.38010345 22.84 174.747006  64.652971  5.491
 84     0.585 55162.38010410 22.16 174.744096  64.656091  5.491
 85     0.539 55197.38010743 15.06 174.778838  64.605447  2.872
 85     0.660 55197.38010808 14.76 174.775938  64.608557  2.872
 85     0.531 55197.38010872 15.08 174.773038  64.611667  2.872
 85     0.570 55197.38010937 14.91 174.770138  64.614777  2.872
 85     0.484 55197.38011001 14.82 174.767238  64.617897  2.872
 85     0.549 55197.38011066 14.65 174.764338  64.621007  2.872
 85     0.460 55197.38011130 14.91 174.761428  64.624117  2.872
 85     0.442 55197.38011195 14.94 174.758528  64.627227  2.872
 85     0.339 55197.38011646 14.82 174.738188  64.649017  2.872
 85     0.502 55197.38011710 14.34 174.735288  64.652127  2.872
 85     0.469 55197.38011775 14.57 174.732378  64.655237  2.872
 86     0.650 55232.38010105 11.13 174.778735  64.623453  2.640
 86     0.657 55232.38010170 11.65 174.775835  64.626563  2.640
 86     0.476 55232.38010234 11.95 174.772935  64.629673  2.640
 86     0.396 55232.38010299 11.88 174.770025  64.632783  2.640
 86     0.469 55232.38010363 11.78 174.767125  64.635893  2.640
 86     0.149 55232.38010428 12.59 174.764225  64.639013  2.640
 86     0.326 55232.38010492 12.08 174.761315  64.642123  2.640
 86     0.238 55232.38010557 12.34 174.758415  64.645233  2.640
 86     0.176 55232.38010621 12.50 174.755515  64.648343  2.640
 86     0.237 55232.38010686 12.33 174.752605  64.651453  2.640
 86     0.347 55232.38010750 11.71 174.749705  64.654573  2.640
 86     0.434 55232.38010815 11.83 174.746795  64.657683  2.640
 87     0.372 55267.38010345 11.05 174.778220  64.612365  2.670
 87     0.606 55267.38010409 11.09 174.775320  64.615485  2.670
 87     0.582 55267.38010474 11.25 174.772420  64.618595  2.670
 87     0.645 55267.38010538 11.29 174.769510  64.621705  2.670
 87     0.579 55267.38010603 11.82 174.766610  64.624815  2.670
 87     0.483 55267.38010667 12.02 174.763710  64.627925  2.670
 87     0.467 55267.38010732 12.01 174.760810  64.631045  2.670
 87     0.142 55267.38010796 12.56 174.757900  64.634155  2.670
 87     0.365 55267.38010860 12.33 174.755000  64.637265  2.670
 87    -0.041 55267.38010925 12.38 174.752100  64.640375  2.670
 87     0.069 55267.38010989 12.43 174.749190  64.643485  2.670
 87     0.013 55267.38011054 13.17 174.746290  64.646595  2.670
 87     0.252 55267.38011118 12.09 174.743380  64.649715  2.670
 87     0.287 55267.38011183 12.32 174.740470  64.652825  2.670
 87     0.546 55267.38011247 11.59 174.737560  64.655935  2.670
 88     0.738 55302.38008199  8.03 174.781093  64.625503  2.512
 88     0.576 55302.38008392  8.82 174.772393  64.634843  2.512
 88     0.530 55302.38008457  9.26 174.769493  64.637953  2.512
 88     0.499 55302.38008521  9.34 174.766583  64.641063  2.512
 88     0.444 55302.38008586  9.09 174.763683  64.644183  2.512
 88     0.302 55302.38008650  9.30 174.760773  64.647293  2.512
 88     0.345 55302.38008715  9.90 174.757873  64.650403  2.512
 88     0.310 55302.38008779 10.38 174.754963  64.653513  2.512
 88     0.653 55302.38008844  9.20 174.752063  64.656623  2.512
 89    10.874 55337.38007951 18.23 174.773848  64.620626 18.602
 89    12.526 55337.38008016 17.82 174.770948  64.623736 18.602
 89    10.881 55337.38008080 18.94 174.768048  64.626846 18.602
 89     8.719 55337.38008145 20.16 174.765148  64.629956 18.602
 89    10.561 55337.38008209 21.17 174.762238  64.633066 18.602
 89     8.227 55337.38008274 22.93 174.759338  64.636186 18.602
 89    10.415 55337.38008338 22.50 174.756428  64.639296 18.602
 89     5.601 55337.38008403 25.60 174.753528  64.642406 18.602
 89     5.288 55337.38008467 23.01 174.750618  64.645516 18.602
 89     5.117 55337.38008532 20.44 174.747718  64.648626 18.602
 89     4.728 55337.38008596 20.29 174.744808  64.651743 12.982
 89     4.779 55337.38008660 23.69 174.741898  64.654853 12.982
 90     5.068 55372.38006926 42.59 174.776108  64.620520 22.736
 90     5.098 55372.38006991 41.18 174.773208  64.623630 22.736
 90     5.180 55372.38007055 41.58 174.770308  64.626740 22.736
 90     5.239 55372.38007120 40.94 174.767398  64.629850 22.736
 90     5.243 55372.38007184 40.60 174.764498  64.632960 22.736
 90     5.382 55372.38007248 40.16 174.761598  64.636080 22.736
 90     4.339 55372.38007313 41.44 174.758688  64.639190 22.736
 90     4.086 55372.38007377 43.48 174.755788  64.642300 22.736
 90     3.215 55372.38007442 43.31 174.752878  64.645410 22.736
 90     3.354 55372.38007506 43.40 174.749978  64.648520 22.736
 90     2.619 55372.38007571 45.03 174.747068  64.651640 22.736
 90     2.710 55372.38007635 43.87 174.744168  64.654750 22.736
 91     2.474 55407.38008767 30.64 174.778886  64.610832 10.201
 91     0.793 55407.38008831 34.28 174.775986  64.613942 10.201
 91     1.812 55407.38008896 31.50 174.773086  64.617062 10.201
 91     0.800 55407.38008960 23.63 174.770186  64.620172 10.201
 91     0.991 55407.38009025 20.83 174.767286  64.623282 10.201
 91     0.894 55407.38009089 27.48 174.764386  64.626392 10.201
 91     0.971 55407.38009154 24.05 174.761476  64.629502 10.201
 91     1.199 55407.38009218 17.44 174.758576  64.632622 10.201
 91     1.400 55407.38009283 15.49 174.755666  64.635732 10.201
 91     1.431 55407.38009347 14.98 174.752766  64.638842 10.201
 91     1.540 55407.38009412 14.36 174.749856  64.641952 10.201
 91     1.230 55407.38009476 14.20 174.746956  64.645062 10.201
 91     0.748 55407.38009541 14.38 174.744046  64.648182 10.201
 91     0.802 55407.38009605 15.56 174.741136  64.651292 10.201
 91     0.862 55407.38009670 22.68 174.738236  64.654402 10.201
 92     1.057 55442.38008860 30.82 174.775510  64.621756 19.287
 92     0.528 55442.38008924 24.60 174.772610  64.624876 19.287
 92     0.405 55442.38008989 20.96 174.769710  64.627986 19.287
 92     0.584 55442.38009053 20.52 174.766800  64.631096 19.287
 92     0.355 55442.38009118 22.30 174.763900  64.634206 19.287
 92     0.399 55442.38009182 23.56 174.761000  64.637326 19.287
 92     0.573 55442.38009247 22.67 174.758090  64.640436 19.287
 92     0.589 55442.38009311 21.02 174.755190  64.643546 19.287
 92     0.010 55442.38009375 22.07 174.752280  64.646656 19.287
 92     0.125 55442.38009440 22.20 174.749380  64.649766 19.287
 92     0.494 55442.38009504 28.25 174.746470  64.652886 19.287
 92     0.575 55442.38009569 37.45 174.743560  64.655996 19.287
 93     0.892 55477.38003167 48.17 174.773832  64.635547 18.024
 93     0.818 55477.38003231 37.67 174.770932  64.638657 18.024
 93     0.559 55477.38003296 36.98 174.768022  64.641767 18.024
 93     0.426 55477.38003360 37.87 174.765122  64.644887 18.024
 93     0.718 55477.38003425 38.86 174.762212  64.647997 18.024
 93     0.725 55477.38003489 43.76 174.759312  64.651107 18.024
 93     0.804 55477.38003554 42.98 174.756402  64.654217 18.024
 93     0.789 55477.38003618 43.21 174.753502  64.657327 18.024
