# NaN NaN NaN ;Mean Elev.(m), Avg Gradient(m/km), RMS Gradient(m/km) - SRTM1     
#    1.744  -0.393   9.035 ;Mean Elev.(m), Avg Gradient(m/km), RMS Gradient(m/km) - ASTER GDEM
#    1.022   0.532   5.728 ;Mean Elev.(m), Avg Gradient(m/km), RMS Gradient(m/km) - GMTED2010 
  8 175.582606  64.751073     0.129     0.131  5 52491.98034167 37.693
 10 175.594631  64.761755    24.635    24.535  6 52561.98036874  7.004
 12 175.591678  64.757574    38.201    37.858 10 52631.98032605  2.066
 13 175.579485  64.756654    38.884    38.547 11 52666.98034689  4.671
 14 175.594045  64.748824    43.761    44.466  4 52701.98031790  2.708
 15 175.580210  64.758054    30.492    30.813 11 52736.98035880  8.049
 16 175.566583  64.751556    32.318    31.265  4 52771.98033013  0.785
 17 175.589099  64.753928    34.034    33.727  7 52806.98038263  8.442
 18 175.595882  64.761361    17.145    22.023  7 52841.98044010 10.988
 19 175.585990  64.757321    36.949    36.670 10 52876.98047975  5.295
 20 175.580856  64.757728    15.696    14.580 11 52911.98043880 24.166
 21 175.592712  64.745500     1.017     0.974  3 52946.98039683 46.148
 23 175.574463  64.758054    44.184    43.289 11 53016.98042876  4.921
 24 175.592247  64.753557    41.206    40.043  9 53051.98040786  2.877
 25 175.566066  64.757694    36.908    36.307 10 53086.98044465  2.184
 26 175.588772  64.756761    39.023    38.583 10 53121.98041415  1.777
 27 175.575222  64.751448     1.805     1.864  7 53156.98047113 47.471
 28 175.595327  64.766401    36.271    36.556  4 53191.98046034  4.108
 29 175.581999  64.757166    34.820    33.777 11 53226.98046426  5.139
 30 175.565969  64.756452    28.436    28.596 10 53261.98043832 15.000
 31 175.568517  64.745216    23.272    23.887  4 53296.98047563 14.467
 32 175.588509  64.763677    30.819    30.233  7 53331.98044380  4.504
 35 175.579424  64.762141    38.586    38.625  8 53436.98040702  1.001
 36 175.587002  64.758385    38.254    38.504  9 53471.98045951  1.417
 37 175.579116  64.757064    37.736    37.217 10 53506.98049081  2.058
 38 175.573154  64.752135    34.235    29.473  7 53541.98049824 15.570
 39 175.572675  64.757220     5.613     0.537 10 53576.98048531 15.982
 40 175.568066  64.758498    18.558    18.500 10 53611.98043728 14.489
 41 175.592441  64.756422    36.797    36.322 10 53646.98044158 10.905
 42 175.570402  64.754311     0.274     0.310  9 53681.98045851 20.033
 43 175.584641  64.766568    34.865    35.316  4 53716.98038337  0.907
 45 175.572279  64.746089    23.661    25.342  4 53786.98033667  4.277
 46 175.572499  64.763070    36.651    37.590  6 53821.98028852  0.543
 47 175.572573  64.745111    27.620    26.221  3 53856.98038227  1.169
 48 175.579338  64.745421    36.261    36.261  2 53891.98039488 13.789
 49 175.573737  64.757278     0.058     0.101 11 53926.98045366 19.369
 50 175.568398  64.757267     0.611     0.544 10 53961.98043861 19.789
 52 175.588967  64.753663    34.714    34.580  9 54031.98043388  7.766
 53 175.582070  64.757979    37.195    37.216 11 54066.98042730  4.269
 54 175.571222  64.757660    36.555    36.590 10 54101.98038851  2.776
 55 175.589838  64.756937    38.970    38.482  9 54136.98035486  1.488
 56 175.574193  64.757949    39.288    38.845 11 54171.98036526  2.406
 57 175.590765  64.757810    38.343    38.271 10 54206.98036006  3.180
 58 175.582868  64.756775     2.516     1.094 10 54241.98039296  9.116
 59 175.581405  64.755253     1.165     1.129  9 54276.98040766 16.221
 60 175.583798  64.757772     0.085     0.097 11 54311.98040801 21.788
 61 175.571879  64.757247     0.930     0.611 11 54346.98038134 18.420
 62 175.593352  64.761082    31.024    31.486  8 54381.98034416  8.551
 63 175.570932  64.752035    -0.142    -0.094  8 54416.98033151 31.978
 64 175.589548  64.753179    38.848    38.833  9 54451.98031486  1.858
 65 175.582093  64.756176    37.609    36.815 11 54486.98032740  1.728
 66 175.589120  64.756827    38.304    38.072 10 54521.98032751  1.050
 67 175.574416  64.757057    36.507    37.003 11 54556.98033773  1.580
 68 175.585418  64.758135    36.719    36.779 10 54591.98032323  1.908
 69 175.580700  64.757958     2.257     2.253 11 54626.98033917 46.530
 70 175.581662  64.757199    19.145    21.289  6 54661.98034700  9.730
 71 175.576256  64.757921     0.482     0.495 11 54696.98032277 45.614
 72 175.587450  64.754536     3.103     0.709  8 54731.98030360 21.024
 73 175.581841  64.757384     0.288     0.252 11 54766.98030200 37.839
 74 175.594254  64.761801    34.573    34.809  7 54801.98029608  2.561
 75 175.580233  64.755904    36.913    36.616 11 54836.98029456  2.962
 76 175.590061  64.757171    39.326    38.406 10 54871.98029558  0.745
 77 175.570475  64.757840    36.192    36.704 10 54906.98030238  0.895
 78 175.578065  64.746226    27.818    26.135  3 54941.98029051  2.318
 80 175.582217  64.760160     1.223     1.248  9 55011.98032439 17.859
 81 175.584616  64.757673     0.591     0.603 10 55046.98031662 49.949
 82 175.570815  64.756755     3.227     0.846 10 55081.98028932 14.599
 83 175.589638  64.757057    14.182    14.742  6 55116.98024867 25.068
 84 175.572773  64.751045    -0.477    -0.453  7 55151.98024826 27.886
 85 175.588781  64.756098    37.620    37.421 10 55186.98023537  7.849
 86 175.578720  64.757445    37.215    36.678 11 55221.98024545  5.431
 87 175.587859  64.757637    37.452    37.237 10 55256.98023129  4.806
 88 175.572027  64.757746    37.219    36.936 10 55291.98023371  3.487
 89 175.580992  64.756986     0.645     0.647 10 55326.98021569 27.378
 90 175.577510  64.757357     1.458     1.390 11 55361.98021214 21.789
 91 175.586003  64.753978     8.438     8.613  7 55396.98021972 19.785
 92 175.584382  64.757267    -0.018     0.114 10 55431.98022696 32.981
 93 175.570351  64.757609    30.890    30.701 10 55466.98018709 14.341
