-231594.645    89.310     0.00    6.16
-231215.085    93.176    10.18    8.12
-230835.452    96.975    10.01   10.79
-230455.748   104.975    21.07   15.80
-230075.970   111.115    16.16   15.85
-229696.120   108.965    -5.66   16.65
-229316.198   101.444   -19.79   21.60
-228936.203    90.140   -29.74   22.27
-228556.136    77.807   -32.44   17.82
-228175.996    68.990   -23.19   12.49
-227795.783    63.790   -13.67    6.11
-227423.434    60.618    -8.52    4.15
-227057.052    59.296    -3.61    3.87
-226690.603    57.677    -4.42    3.31
-226324.087    56.490    -3.24    2.72
-225957.504    56.940     1.23    4.37
-225590.855    63.214    17.11   15.80
-225224.138    68.578    14.62   18.50
-224857.355    73.870    14.43   17.08
-224490.504    79.807    16.18   15.16
-224123.587    85.456    15.39   13.04
-223756.602    91.630    16.82   11.58
-223389.550    97.120    14.95   10.42
-223022.431    96.412    -1.93    9.97
-222655.245    95.514    -2.45    9.72
-222287.992    96.665     3.13   11.31
-221920.671   100.617    10.76   13.55
-221553.284   102.696     5.66   12.87
-221185.829   101.897    -2.17    9.68
-220818.306    98.339    -9.68    8.14
-220450.716    96.240    -5.71    7.72
-220083.059    94.598    -4.47    9.19
-219715.334    95.403     2.19   10.88
-219347.542    93.414    -5.41   11.33
-218979.682    88.509   -13.33   11.56
-218611.754    81.932   -17.87   12.05
-218243.759    73.595   -22.65    9.47
-217875.696    67.479   -16.62    7.09
-217507.566    64.025    -9.38    5.40
-217139.368    60.839    -8.65    5.03
-216771.102    58.027    -7.64    4.94
-216402.768    53.615   -11.97    7.00
-216034.366    49.157   -12.10    6.74
-215665.897    45.407   -10.18    4.30
-215297.359    43.547    -5.05    2.55
-214928.754    42.412    -3.08    1.65
-214560.081    41.485    -2.52    1.66
-214191.339    40.560    -2.51    1.04
-213822.530    40.355    -0.56    0.88
-213453.652    40.135    -0.60    0.61
-213084.706    40.235     0.27    0.61
-212715.692    40.003    -0.63    0.68
-212346.610    39.909    -0.25    0.81
-211977.460    40.040     0.36    0.90
-211608.241    40.130     0.24    0.97
-211238.954    40.103    -0.07    1.03
-210869.598    40.816     1.93    1.32
-210500.174    41.265     1.22    1.58
-210130.682    42.176     2.47    1.78
-209761.121    43.137     2.60    1.24
-209391.492    46.026     7.82    4.86
-209021.794    49.076     8.25    5.59
-208652.028    50.772     4.59    4.58
-208282.192    51.118     0.94    3.16
-207912.289    50.200    -2.48    1.80
-207542.316    49.605    -1.61    1.68
-207172.275    49.374    -0.62    1.57
-206802.165    49.444     0.19    1.29
-206431.986    49.786     0.92    0.79
-206061.738    50.261     1.28    1.06
-205691.421    50.979     1.94    1.41
-205321.035    52.169     3.21    1.92
-204950.581    54.231     5.57    2.68
-204580.057    56.688     6.63    3.42
-204209.464    60.283     9.70    4.48
-203838.802    64.223    10.63    5.34
-203468.071    69.473    14.16    5.64
-203097.271    74.456    13.44    6.43
-202726.402    80.147    15.34    6.67
-202355.463    85.755    15.12    7.29
-201984.455    92.715    18.76    8.35
-201613.378   100.956    22.20   10.72
-201242.231   111.830    29.29   13.31
-200871.015   130.887    51.33   27.06
-200499.730   155.139    65.31   38.44
-200128.375   184.795    79.85   45.68
-199756.950   215.881    83.68   40.69
-199385.456   236.590    55.74   38.72
-199013.892   247.916    30.48   38.42
-198642.259   255.082    19.28   38.04
-198270.556   281.398    70.79   55.29
-197898.783   324.572   116.11   72.65
-197526.940   358.661    91.66   61.51
-197155.028   352.174   -17.44   59.42
-196783.046   322.576   -79.56   61.29
-196410.994   280.932  -111.91   50.83
-196038.872   257.848   -62.02   34.67
-195666.680   249.554   -22.28   20.51
-195294.418   264.919    41.27   35.84
-194922.086   292.427    73.87   48.30
-194549.684   322.295    80.19   57.38
-194177.212   349.269    72.41   57.34
-193804.669   372.533    62.43   57.00
-193432.057   407.339    93.40   64.03
-193059.374   450.386   115.49   73.56
-192686.621   485.095    93.10   62.46
-192313.798   487.858     7.41   60.46
-191940.904   462.781   -67.24   65.54
-191567.940   423.932  -104.15   57.68
-191194.905   388.179   -95.83   44.41
-190821.800   360.862   -73.20   43.13
-190448.625   342.328   -49.66   33.68
-190075.379   354.581    32.82   54.94
-189702.062   426.703   193.16  119.24
-189328.675   507.061   215.18  117.72
-188955.217   542.074    93.74   85.92
-188581.688   524.979   -45.76   93.16
-188208.089   499.339   -68.62   80.22
-187834.418   510.774    30.60   86.64
-187460.677   549.898   104.67   82.73
-187086.865   560.708    28.91   70.29
-186712.982   542.514   -48.65   82.57
-186339.029   502.397  -107.26   73.03
-185965.004   447.142  -147.71   75.17
-185590.908   405.882  -110.28   81.53
-185216.741   357.496  -129.30   73.88
-184842.503   323.155   -91.75   40.22
-184468.194   328.038    13.04   53.65
-184093.813   340.432    33.10   67.38
-183719.362   366.211    68.84   68.61
-183344.839   394.629    75.87   67.25
-182970.245   428.531    90.49   71.79
-182595.579   456.673    75.10   64.15
-182220.842   468.426    31.36   67.72
-181846.034   464.223   -11.21   75.43
-181471.154   457.502   -17.93   75.76
-181096.203   454.448    -8.14   72.57
-180721.180   467.565    34.97   67.52
-180346.085   474.781    19.24   67.38
-179970.919   489.358    38.85   67.71
-179595.681   494.130    12.71   68.74
-179220.371   473.444   -55.11   67.78
-178844.990   461.503   -31.81   65.64
-178469.537   449.367   -32.32   66.47
-178094.012   435.002   -38.25   66.80
-177718.415   412.289   -60.46   72.44
-177342.746   391.720   -54.75   63.03
-176967.005   388.083    -9.68   56.22
-176591.192   414.836    71.18   72.35
-176215.307   443.083    75.14   67.17
-175839.350   449.713    17.63   57.84
-175463.321   413.197   -97.10   80.75
-175087.220   377.352   -95.30   69.23
-174711.046   328.772  -129.12   65.43
-174334.801   277.287  -136.82   60.46
-173958.483   250.117   -72.19   59.70
-173582.092   242.759   -19.55   58.12
-173205.629   275.979    88.23   78.78
-172829.094   318.415   112.69   69.30
-172452.487   333.945    41.23   52.03
-172075.806   316.915   -45.20   57.23
-171699.054   279.979   -98.03   56.33
-171322.228   244.756   -93.46   43.61
-170945.330   222.105   -60.09   36.99
-170568.360   206.653   -40.99   30.05
-170191.316   202.473   -11.08   31.94
-169814.200   201.460    -2.69   36.73
-169437.011   213.665    32.35   43.20
-169059.750   217.906    11.24   47.83
-168682.415   204.450   -35.66   54.91
-168305.007   178.723   -68.16   53.50
-167927.527   152.496   -69.47   32.31
-167549.973   144.072   -22.31   22.59
-167172.347   159.615    41.16   40.15
-166794.647   175.207    41.28   45.57
-166416.874   175.163    -0.12   45.39
-166039.028   164.611   -27.92   39.17
-165661.109   143.836   -54.97   27.22
-165283.116   125.393   -48.79   24.82
-164905.051   118.200   -19.02   28.05
-164526.911   103.932   -37.73   26.08
-164148.699    90.723   -34.92   18.35
-163770.413    82.944   -20.56   13.00
-163392.053    79.340    -9.52    7.59
-163013.621    78.049    -3.41    5.09
-162635.114    79.340     3.41    4.79
-162256.534    80.048     1.87    3.97
-161877.880    77.768    -6.02    4.88
-161499.153    74.726    -8.03    6.45
-161120.351    70.892   -10.12    6.50
-160741.476    67.184    -9.79    6.23
-160362.528    64.271    -7.69    4.43
-159983.505    62.898    -3.62    3.83
-159604.408    63.764     2.28    5.66
-159225.238    66.559     7.37    6.38
-158845.994    69.502     7.76    5.89
-158466.675    70.990     3.92    4.54
-158087.282    69.121    -4.93    5.19
-157707.816    68.130    -2.61    4.95
-157328.275    66.397    -4.56    4.39
-156948.660    64.133    -5.96    5.94
-156568.970    60.888    -8.55    8.00
-156189.207    57.588    -8.69    7.92
-155809.369    53.308   -11.27    6.77
-155429.457    50.421    -7.60    4.78
-155049.470    48.258    -5.69    3.66
-154669.409    46.538    -4.52    2.81
-154289.273    45.365    -3.08    2.72
-153909.063    45.255    -0.29    2.69
-153528.778    45.818     1.48    3.05
-153148.418    45.428    -1.03    3.19
-152771.638    44.127    -3.45    3.40
-152405.470    42.868    -3.44    3.36
-152039.233    40.350    -6.88    4.98
-151672.928    38.145    -6.02    4.91
-151306.554    36.304    -5.02    4.74
-150940.112    34.723    -4.32    3.92
-150573.601    33.473    -3.41    3.30
-150207.022    31.479    -5.44    3.59
-149840.374    29.600    -5.13    3.08
-149473.657    28.358    -3.38    2.51
-149106.872    26.839    -4.14    2.95
-148740.018    26.559    -0.76    2.88
-148373.095    25.893    -1.81    2.88
-148006.103    25.485    -1.11    3.00
-147639.043    25.759     0.75    3.10
-147271.913    25.404    -0.97    2.77
-146904.715    25.026    -1.03    2.71
-146537.447    24.331    -1.89    3.17
-146170.111    22.933    -3.81    3.05
-145802.705    21.252    -4.58    2.98
-145435.230    19.725    -4.15    2.75
-145067.687    18.518    -3.28    2.14
-144700.074    18.013    -1.38    1.91
-144332.391    17.228    -2.13    2.44
-143964.640    16.456    -2.10    2.67
-143596.819    15.273    -3.22    2.51
-143228.929    14.672    -1.63    2.20
-142860.970    14.026    -1.76    2.32
-142492.941    12.898    -3.06    3.48
-142124.842    11.820    -2.93    4.12
-141756.674     9.788    -5.52    3.94
-141388.437     8.295    -4.05    2.52
-141020.130     8.841     1.48    3.02
-140651.754     9.767     2.51    3.25
-140283.307     9.967     0.54    3.20
-139914.791     9.572    -1.07    3.49
-139546.206     9.118    -1.23    3.63
-139177.550     7.921    -3.25    3.85
-138808.825     6.934    -2.68    4.01
-138440.030     6.167    -2.08    3.65
-138071.165     5.627    -1.46    2.77
-137702.230     5.240    -1.05    2.00
-137333.225     4.336    -2.45    2.28
-136964.150     3.069    -3.43    2.59
-136595.006     1.990    -2.92    2.14
-136225.791     0.729    -3.42    2.38
-135856.505    -0.400    -3.06    2.59
-135487.150    -1.203    -2.17    2.45
-135117.725    -1.741    -1.46    2.07
-134748.229    -1.605     0.37    1.76
-134378.663    -1.314     0.79    1.72
-134009.027    -1.619    -0.82    1.67
-133639.320    -1.569     0.13    1.93
-133269.543    -1.285     0.77    3.09
-132899.695    -0.928     0.97    3.85
-132529.777    -1.358    -1.16    4.70
-132159.788    -2.171    -2.19    5.35
-131789.729    -4.476    -6.23    5.48
-131419.600    -6.928    -6.63    4.51
-131049.399    -8.794    -5.04    2.44
-130679.128    -9.448    -1.77    1.76
-130308.786    -9.853    -1.09    0.86
-129938.374    -9.987    -0.36    0.21
-129567.890   -10.010    -0.06    0.00
-129197.336   -10.010     0.00    0.00
-128826.711   -10.010     0.00    0.00
-128456.015   -10.010     0.00    0.00
-128085.248   -10.010     0.00    0.00
-127714.410   -10.010     0.00    0.00
-127343.501   -10.010     0.00    0.00
-126972.520   -10.010     0.00    0.00
-126601.469   -10.010     0.00    0.00
-126230.347   -10.010     0.00    0.00
-125859.153   -10.010     0.00    0.00
-125487.888   -10.010     0.00    0.00
-125116.552   -10.010     0.00    0.00
-124745.144   -10.010     0.00    0.00
-124373.665   -10.010     0.00    0.00
-124002.115   -10.010     0.00    0.00
-123630.493   -10.010     0.00    0.00
-123258.800   -10.010     0.00    0.00
-122887.035   -10.010     0.00    0.00
-122515.198   -10.010     0.00    0.00
-122143.290   -10.010     0.00    0.00
-121771.310   -10.010     0.00    0.00
-121399.259   -10.010     0.00    0.00
-121027.136   -10.010     0.00    0.00
-120654.941   -10.010     0.00    0.00
-120282.674   -10.010     0.00    0.00
-119910.335   -10.010     0.00    0.00
-119537.924   -10.010     0.00    0.00
-119165.442   -10.010     0.00    0.00
-118792.887   -10.010     0.00    0.00
-118420.261   -10.010     0.00    0.00
-118047.562   -10.010     0.00    0.00
-117674.791    -9.998     0.03    0.11
-117301.948    -8.328     4.48    3.15
-116929.033    -3.268    13.57    8.33
-116556.046     5.049    22.30   13.34
-116182.986    15.888    29.05   18.77
-115809.854    31.485    41.80   22.30
-115436.649    45.081    36.43   23.61
-115063.373    64.653    52.43   27.87
-114690.023    84.934    54.32   30.44
-114316.602   105.083    53.96   23.22
-113943.107   116.024    29.29   18.86
-113569.540   128.555    33.54   22.66
-113195.901   144.831    43.56   37.00
-112822.189   167.700    61.19   44.63
-112448.404   183.252    41.60   37.27
-112074.546   188.764    14.74   33.67
-111700.616   186.786    -5.29   32.29
-111326.612   178.188   -22.99   26.59
-110952.536   182.524    11.59   33.35
-110578.387   186.645    11.01   43.72
-110204.165   179.624   -18.76   47.10
-109829.870   164.226   -41.14   47.66
-109455.502   141.025   -61.97   39.53
-109081.061   119.405   -57.73   25.43
-108706.547   102.507   -45.12   19.18
-108331.959    87.466   -40.15   23.19
-107957.299    72.864   -38.97   27.50
-107582.565    56.617   -43.35   25.45
-107207.758    43.265   -35.62   16.50
-106832.877    33.810   -25.22    9.51
-106457.923    27.090   -17.92    9.19
-106082.896    23.111   -10.61    8.50
-105707.795    18.559   -12.14    8.58
-105332.620    13.051   -14.68    8.92
-104957.372     8.377   -12.46    9.06
-104582.051     4.588   -10.09    5.71
-104206.656     5.080     1.31    4.65
-103831.187     9.788    12.54    7.74
-103455.644    19.579    26.07   13.08
-103080.028    31.967    32.98   15.64
-102704.338    45.252    35.36   16.69
-102328.574    54.014    23.32   15.65
-101952.736    57.070     8.13   16.68
-101576.824    59.633     6.82   17.86
-101200.838    62.604     7.90   17.18
-100824.778    64.296     4.50   16.76
-100448.644    61.068    -8.58   16.66
-100072.436    51.037   -26.66   14.60
 -99696.154    41.597   -25.09   12.43
 -99319.797    32.467   -24.26   10.20
 -98943.367    25.649   -18.11    9.37
 -98566.862    22.190    -9.19    7.48
 -98190.282    23.856     4.42    8.54
 -97813.629    25.673     4.82    8.00
 -97436.900    28.570     7.69    7.64
 -97060.098    29.607     2.75    8.73
 -96683.221    27.080    -6.70    9.88
 -96306.269    25.760    -3.50   11.03
 -95929.243    25.161    -1.59   10.76
 -95552.142    22.634    -6.70   11.07
 -95174.966    16.327   -16.72   14.73
 -94797.716     7.220   -24.14   14.77
 -94420.391    -1.561   -23.27    8.89
 -94042.991    -5.320    -9.96    2.85
 -93665.516    -3.964     3.59    3.70
 -93287.966    -3.351     1.63    4.05
 -92910.342    -2.302     2.78    4.31
 -92532.642    -0.688     4.27    3.52
 -92154.867     0.570     3.33    3.23
 -91777.017     0.684     0.30    3.06
 -91399.092    -0.226    -2.41    3.11
 -91021.092    -0.392    -0.44    2.96
 -90643.017    -1.279    -2.35    3.43
 -90264.866    -1.328    -0.13    3.54
 -89886.641    -1.021     0.81    3.98
 -89508.339    -1.043    -0.06    4.24
 -89129.963    -0.492     1.45    4.52
 -88751.511     0.002     1.31    5.28
 -88372.983     3.717     9.81    7.11
 -87994.380     7.490     9.97    7.07
 -87615.701     8.086     1.57    7.27
 -87236.947     6.880    -3.18    7.06
 -86858.117     3.478    -8.98    6.32
 -86479.211    -0.098    -9.44    5.19
 -86100.230    -2.998    -7.65    3.17
 -85721.173    -3.930    -2.46    3.58
 -85342.040    -3.851     0.21    4.61
 -84962.831    -3.291     1.48    4.59
 -84583.546    -2.652     1.68    4.23
 -84204.185    -1.998     1.72    3.77
 -83824.748    -1.665     0.88    3.88
 -83445.235    -0.987     1.78    4.59
 -83065.646    -0.412     1.52    4.10
 -82685.981     0.679     2.87    3.99
 -82306.239     2.559     4.95    3.14
 -81926.422     2.406    -0.40    3.34
 -81546.528     1.399    -2.65    4.23
 -81166.557    -0.976    -6.25    4.80
 -80786.511    -2.526    -4.08    4.31
 -80406.388    -1.897     1.66    5.21
 -80026.188    -1.526     0.98    5.04
 -79645.912    -0.458     2.81    4.46
 -79265.559    -0.099     0.94    4.35
 -78885.130    -0.649    -1.45    4.06
 -78504.624     0.047     1.83    3.70
 -78124.041    -0.022    -0.18    3.31
 -77757.091    -1.021    -2.72    3.51
 -77391.071    -1.492    -1.29    3.95
 -77024.980    -2.122    -1.72    3.49
 -76658.819    -2.453    -0.90    3.47
 -76292.588    -1.703     2.05    3.12
 -75926.287    -2.583    -2.40    3.39
 -75559.915    -3.777    -3.26    3.47
 -75193.473    -5.021    -3.39    3.57
 -74826.961    -6.355    -3.64    2.61
 -74460.379    -7.129    -2.11    2.63
 -74093.726    -6.812     0.87    3.57
 -73727.002    -6.240     1.56    3.55
 -73360.208    -5.814     1.16    3.62
 -72993.343    -5.920    -0.29    3.66
 -72626.408    -6.343    -1.15    3.40
 -72259.402    -7.010    -1.82    3.52
 -71892.326    -6.432     1.57    4.47
 -71525.178    -5.313     3.05    4.60
 -71157.960    -5.650    -0.92    4.30
 -70790.672    -4.527     3.06    4.15
 -70423.312    -4.805    -0.76    4.02
 -70055.881    -6.226    -3.87    2.73
 -69688.380    -5.313     2.49    3.93
 -69320.808    -4.684     1.71    4.70
 -68953.164    -2.941     4.74    6.17
 -68585.450    -1.906     2.82    6.52
 -68217.664    -2.482    -1.56    6.03
 -67849.807    -4.146    -4.52    5.58
 -67481.880    -6.110    -5.34    3.87
 -67113.881    -7.112    -2.72    2.48
 -66745.810    -6.872     0.65    2.73
 -66377.669    -5.291     4.29    3.65
 -66009.456    -4.308     2.67    3.73
 -65641.171    -2.933     3.74    3.72
 -65272.816    -1.033     5.16    2.77
 -64904.388    -1.238    -0.56    2.56
 -64535.890    -0.938     0.81    2.58
 -64167.320    -3.262    -6.31    4.24
 -63798.678    -5.715    -6.65    4.47
 -63429.964    -8.156    -6.62    3.29
 -63061.179    -8.929    -2.10    2.59
 -62692.322    -7.077     5.02    3.95
 -62323.394    -5.872     3.27    3.88
 -61954.394    -5.650     0.60    3.42
 -61585.321    -6.482    -2.25    3.25
 -61216.177    -7.987    -4.08    2.60
 -60846.961    -9.066    -2.92    1.11
 -60477.673    -9.262    -0.53    1.08
 -60108.314    -9.583    -0.87    0.81
 -59738.882    -9.833    -0.68    0.47
 -59369.378    -9.920    -0.23    0.29
 -58999.801    -9.748     0.47    0.54
 -58630.153    -9.665     0.22    0.60
 -58260.433    -9.319     0.94    0.94
 -57890.640    -8.471     2.29    1.64
 -57520.775    -7.320     3.11    2.04
 -57150.837    -6.543     2.10    2.19
 -56780.828    -5.566     2.64    2.26
 -56410.745    -5.122     1.20    2.41
 -56040.591    -5.527    -1.09    2.25
 -55670.364    -5.515     0.03    1.86
 -55300.064    -5.657    -0.38    1.61
 -54929.692    -6.223    -1.53    1.11
 -54559.247    -6.921    -1.88    1.54
 -54188.729    -7.482    -1.51    1.82
 -53818.139    -8.392    -2.46    1.68
 -53447.476    -9.125    -1.98    1.34
 -53076.740    -8.865     0.70    1.55
 -52705.931    -8.045     2.21    1.67
 -52335.049    -7.515     1.43    1.52
 -51964.095    -6.632     2.38    1.16
 -51593.067    -6.077     1.49    1.38
 -51221.967    -5.961     0.31    1.77
 -50850.793    -6.165    -0.55    1.83
 -50479.547    -6.950    -2.11    2.16
 -50108.227    -7.834    -2.38    2.01
 -49736.834    -8.498    -1.79    1.52
 -49365.368    -8.240     0.69    1.90
 -48993.828    -7.628     1.65    2.44
 -48622.215    -6.121     4.05    2.77
 -48250.529    -5.268     2.29    2.47
 -47878.770    -3.684     4.26    2.78
 -47506.937    -0.377     8.89   10.54
 -47135.030    11.757    32.63   25.44
 -46763.050    22.518    28.93   29.12
 -46390.997    32.346    26.41   25.21
 -46018.869    34.513     5.82   15.69
 -45646.669    28.490   -16.18    9.65
 -45274.394    21.235   -19.49   10.13
 -44902.046    13.220   -21.52    9.23
 -44529.624     8.384   -12.99    7.70
 -44157.128     5.278    -8.34    6.88
 -43784.558     5.279     0.00    6.85
 -43411.914     6.381     2.96    7.76
 -43039.196     9.563     8.54    8.53
 -42666.405    14.673    13.71    8.64
 -42293.539    18.646    10.66    6.86
 -41920.599    18.967     0.86    6.20
 -41547.585    14.001   -13.31   10.62
 -41174.497     7.431   -17.61   11.68
 -40801.334     0.795   -17.78    9.37
 -40428.098    -4.498   -14.18    1.87
 -40054.787    -4.075     1.13    2.44
 -39681.401    -3.498     1.54    3.10
 -39307.942    -1.868     4.36    3.92
 -38934.407    -0.307     4.18    3.56
 -38560.799     0.133     1.18    3.12
 -38187.115     0.179     0.12    3.14
 -37813.358    -1.387    -4.19    3.41
 -37439.525    -2.475    -2.91    2.51
 -37065.618    -1.055     3.80    3.74
 -36691.636     1.520     6.88    4.75
 -36317.580     5.204     9.85    5.10
 -35943.448    10.072    13.01    6.41
 -35569.242    15.891    15.55    7.37
 -35194.961    21.094    13.90    7.23
 -34820.605    27.546    17.23    8.51
 -34446.174    34.260    17.93   12.48
 -34071.668    42.835    22.90   17.28
 -33697.087    52.446    25.66   21.87
 -33322.430    58.046    14.95   22.41
 -32947.699    60.152     5.62   20.90
 -32572.892    59.201    -2.54   17.03
 -32198.010    59.397     0.52   12.56
 -31823.053    62.490     8.25   10.92
 -31448.021    67.513    13.39    9.80
 -31072.913    74.501    18.63    7.97
 -30697.730    78.479    10.60    7.32
 -30322.471    80.835     6.28    9.62
 -29947.136    83.271     6.49   12.28
 -29571.727    82.372    -2.39   14.80
 -29196.241    80.709    -4.43   17.24
 -28820.680    81.590     2.35   19.78
 -28445.043    82.856     3.37   19.45
 -28069.331    94.790    31.77   24.47
 -27693.542   108.377    36.15   25.75
 -27317.678   120.146    31.31   21.62
 -26941.738   122.752     6.93   25.52
 -26565.722   109.957   -34.03   35.84
 -26189.630   100.613   -24.85   34.98
 -25813.462    93.135   -19.88   30.29
 -25437.218   104.441    30.05   37.44
 -25060.898   123.357    50.27   42.93
 -24684.501   136.110    33.88   43.56
 -24308.029   135.024    -2.89   41.21
 -23931.480   115.024   -53.11   46.06
 -23554.855    78.913   -95.88   42.81
 -23178.153    49.563   -77.91   30.14
 -22801.376    27.979   -57.29   11.32
 -22424.521    21.104   -18.24    7.88
 -22047.591    14.771   -16.80    7.36
 -21670.583     8.900   -15.57    7.47
 -21293.500     2.101   -18.03    6.65
 -20916.339    -1.646    -9.94    5.03
 -20539.102    -4.375    -7.23    1.28
 -20161.788    -3.794     1.54    2.70
 -19784.398    -0.361     9.10    5.66
 -19406.931     2.445     7.43    5.50
 -19029.386     5.446     7.95    6.31
 -18651.765     7.358     5.06    7.58
 -18274.067     9.635     6.03    9.23
 -17896.292     9.507    -0.34    9.20
 -17518.440     8.457    -2.78    7.68
 -17140.511     6.546    -5.06    5.88
 -16762.505     5.353    -3.16    5.09
 -16384.421     7.457     5.56    5.49
 -16006.261     8.694     3.27    5.41
 -15628.023     8.721     0.07    5.62
 -15249.708     9.436     1.89    7.33
 -14871.315    12.698     8.62   12.81
 -14492.845    19.990    19.27   21.52
 -14114.298    32.554    33.19   25.65
 -13735.673    41.265    23.01   25.21
 -13356.970    49.532    21.83   25.63
 -12978.190    55.708    16.31   24.72
 -12599.332    64.202    22.42   30.44
 -12220.397    72.221    21.16   34.21
 -11841.384    73.155     2.46   33.33
 -11462.293    69.913    -8.55   25.65
 -11083.124    57.630   -32.40   20.70
 -10703.877    41.957   -41.33   22.87
 -10324.553    29.061   -34.00   17.98
  -9945.150    22.372   -17.63    7.54
  -9565.670    24.301     5.08    8.39
  -9186.111    32.135    20.64   12.45
  -8806.474    41.979    25.93   14.11
  -8426.759    49.694    20.32   15.96
  -8046.966    64.036    37.76   29.74
  -7667.095    83.331    50.79   47.81
  -7287.145   114.209    81.27   63.52
  -6907.117   146.012    83.69   71.33
  -6527.011   178.518    85.52   66.66
  -6146.826   191.705    34.68   50.38
  -5766.562   187.824   -10.21   39.37
  -5386.220   168.857   -49.87   44.52
  -5005.800   132.413   -95.80   43.71
  -4625.301   103.238   -76.68   33.06
  -4244.723    93.727   -24.99   24.40
  -3864.066   102.036    21.83   30.77
  -3483.331   120.447    48.36   34.78
  -3111.585   133.206    34.32   33.31
  -2745.787   134.309     3.01   40.41
  -2379.917   131.924    -6.52   46.22
  -2013.975   129.377    -6.96   45.33
  -1647.961   118.496   -29.73   44.89
  -1281.876    87.809   -83.83   56.48
   -915.718    51.045  -100.40   56.34
   -549.489    15.514   -97.02   28.43
   -183.187     2.838   -34.60    8.95
    183.187     0.238    -7.10    0.76
    549.633     0.485     0.67    1.21
    916.151     0.822     0.92    1.67
   1282.741     1.824     2.73    2.79
   1649.404     3.397     4.29    4.44
   2016.139     4.946     4.22    4.70
   2382.946     5.540     1.62    4.60
   2749.826     5.479    -0.17    4.53
   3116.778     4.349    -3.08    3.63
   3483.802     3.339    -2.75    2.62
   3850.899     2.816    -1.42    2.54
   4218.069     2.579    -0.65    2.63
   4585.311     2.265    -0.86    2.60
   4952.626     1.797    -1.27    2.50
   5320.014     1.746    -0.14    2.41
   5687.474     2.184     1.19    2.47
   6055.008     2.740     1.51    2.67
   6422.614     3.240     1.36    2.70
   6790.292     4.508     3.45    2.29
   7158.044     5.573     2.90    2.24
   7525.869     6.304     1.99    2.75
   7893.767     6.430     0.34    2.47
   8261.737     7.393     2.62    2.57
   8629.781     8.740     3.66    2.36
   8997.898     9.718     2.65    2.29
   9366.088    10.760     2.83    1.91
   9734.352    12.046     3.49    1.85
  10102.688    12.540     1.34    1.89
  10471.098    13.327     2.14    1.98
  10839.581    14.124     2.16    1.93
  11208.138    14.925     2.17    1.85
  11576.768    15.703     2.11    2.25
  11945.472    16.512     2.19    2.01
  12314.249    16.367    -0.39    2.15
  12683.099    16.550     0.50    2.07
  13052.024    16.680     0.35    2.20
  13421.021    16.512    -0.46    2.35
  13790.093    16.243    -0.73    2.39
  14159.238    15.891    -0.95    2.39
  14528.457    14.754    -3.08    2.24
  14897.750    13.485    -3.44    1.82
  15267.117    13.353    -0.36    1.70
  15636.558    13.089    -0.71    2.20
  16006.072    11.738    -3.66    3.14
  16375.661     9.946    -4.85    3.41
  16745.324     8.740    -3.26    2.87
  17115.061     7.258    -4.01    1.77
  17484.871     6.958    -0.81    1.65
  17854.757     6.921    -0.10    1.35
  18224.716     7.251     0.89    1.37
  18594.749     8.024     2.09    1.59
  18964.857     8.675     1.76    1.34
  19335.040     8.816     0.38    1.37
  19705.296     8.485    -0.90    1.81
  20075.627     8.689     0.55    2.17
  20446.033     8.646    -0.12    2.43
  20816.513     8.403    -0.65    2.62
  21187.068     7.615    -2.13    2.56
  21557.697     6.614    -2.70    2.22
  21928.401     6.468    -0.39    2.19
  22299.180     7.230     2.05    2.53
  22670.033     8.331     2.97    2.98
  23040.961     9.056     1.95    3.24
  23411.964     9.841     2.11    3.47
  23783.042    10.969     3.04    3.82
  24154.195    12.071     2.97    4.13
  24525.423    13.419     3.63    3.95
  24896.726    15.692     6.12    3.16
  25268.104    17.349     4.46    3.43
  25639.557    18.297     2.55    3.34
  26011.086    19.055     2.04    3.46
  26382.689    20.309     3.37    2.97
  26754.368    21.697     3.74    3.26
  27126.122    23.568     5.03    3.31
  27497.951    24.947     3.71    2.76
  27869.856    25.390     1.19    2.43
  28241.836    25.184    -0.56    2.99
  28613.892    25.946     2.05    3.81
  28986.023    28.639     7.23    6.08
  29358.230    32.872    11.37    7.18
  29730.512    38.990    16.43    7.64
  30102.870    44.480    14.74   10.97
  30475.304    52.374    21.20   14.60
  30847.813    61.849    25.44   16.87
  31220.399    69.990    21.85   14.34
  31593.060    75.719    15.37   14.96
  31965.797    78.618     7.78   15.51
  32338.610    77.327    -3.46   13.71
  32711.499    74.149    -8.52   10.35
  33084.464    69.173   -13.34    6.01
  33457.505    67.368    -4.84    5.26
  33830.622    67.593     0.60    5.63
  34203.815    69.155     4.19    6.95
  34577.085    72.512     8.99    7.22
  34950.431    76.291    10.12    7.81
  35323.853    81.925    15.09   10.17
  35697.351    89.033    19.03   13.00
  36070.926    95.827    18.19   13.43
  36444.578   102.175    16.99   14.34
  36818.305   109.034    18.35   15.48
  37192.110   114.490    14.60   16.74
  37565.991   121.479    18.69   15.94
  37939.948   126.403    13.17   16.01
  38313.983   133.857    19.93   15.87
  38688.094   137.751    10.41   14.40
  39062.281   145.179    19.85   13.16
  39436.546   155.512    27.61   18.32
  39810.887   171.046    41.50   25.18
  40185.306   188.806    47.43   31.47
  40559.801   207.857    50.87   34.32
  40934.373   227.152    51.51   38.45
  41309.023   255.350    75.27   47.95
  41683.749   291.639    96.85   60.81
  42058.553   314.783    61.75   49.51
  42433.433   307.582   -19.21   46.04
  42808.391   281.188   -70.39   59.62
  43183.427   241.055  -107.02   51.88
  43558.539   213.909   -72.37   24.11
  43933.729   213.012    -2.39   19.19
  44308.997   225.118    32.26   26.30
  44684.342   233.425    22.13   25.95
  45059.764   231.921    -4.01   29.25
  45435.264   220.675   -29.95   30.26
  45810.842   208.397   -32.69   19.26
  46186.497   212.827    11.79   21.90
  46562.230   230.735    47.66   31.21
  46938.041   245.893    40.34   31.35
  47313.930   259.740    36.84   32.52
  47689.896   278.288    49.34   41.86
  48065.941   288.563    27.33   45.91
  48442.063   295.937    19.61   38.95
  48818.263   305.024    24.15   32.56
  49194.542   328.894    63.44   40.96
  49570.898   365.135    96.30   53.41
  49947.333   420.262   146.45   65.85
  50323.846   463.224   114.11   55.38
  50700.437   484.012    55.20   38.13
  51077.106   484.496     1.28   38.25
  51453.854   460.077   -64.82   44.91
  51830.680   434.990   -66.58   36.27
  52207.584   413.840   -56.12   33.09
  52584.567   401.144   -33.68   35.60
  52961.629   400.799    -0.92   41.87
  53338.769   407.879    18.77   45.85
  53715.988   420.671    33.91   52.00
  54093.285   439.615    50.21   58.04
  54470.661   457.507    47.41   65.24
  54848.116   468.309    28.62   63.91
  55225.650   454.650   -36.18   61.75
  55603.263   427.668   -71.46   65.78
  55980.954   386.947  -107.82   53.71
  56358.725   365.430   -56.96   34.98
  56736.574   354.958   -27.72   27.02
  57114.503   362.375    19.63   34.93
  57492.510   365.045     7.06   35.62
  57870.597   360.757   -11.34   31.24
  58248.763   350.262   -27.75   29.16
  58627.009   342.668   -20.08   28.82
  59005.334   332.754   -26.21   27.46
  59383.738   324.957   -20.61   24.20
  59762.221   322.012    -7.78   27.15
  60140.784   323.357     3.55   36.85
  60519.426   339.980    43.90   53.15
  60898.148   353.265    35.08   59.97
  61276.950   358.575    14.02   56.94
  61655.831   352.081   -17.14   53.64
  62034.792   341.395   -28.20   37.83
  62413.833   347.140    15.16   38.52
  62792.954   382.012    91.99   58.55
  63172.154   425.979   115.95   53.21
  63551.434   459.629    88.72   44.47
  63930.795   476.979    45.74   37.65
  64310.235   477.267     0.76   47.21
  64689.755   477.911     1.70   51.95
  65069.356   495.980    47.60   57.44
  65449.036   523.229    71.77   53.33
  65828.797   543.769    54.09   53.53
  66208.638   548.718    13.03   63.28
  66588.559   530.657   -47.54   74.41
  66968.561   499.752   -81.33   79.88
  67348.643   466.055   -88.66   71.79
  67728.806   446.246   -52.11   50.89
  68109.049   449.765     9.25   38.93
  68489.373   459.364    25.24   35.41
  68869.777   464.969    14.73   34.14
  69250.262   463.101    -4.91   38.86
  69630.828   462.023    -2.84   42.06
  70011.474   449.284   -33.47   49.13
  70392.201   430.324   -49.80   53.01
  70773.010   400.205   -79.09   49.21
  71153.899   375.132   -65.83   46.92
  71530.839   351.840   -61.79   44.60
  71896.409   333.299   -50.72   44.65
  72262.052   308.833   -66.92   47.53
  72627.769   279.937   -79.02   44.55
  72993.559   258.944   -57.39   29.86
  73359.423   260.310     3.73   27.48
  73725.361   278.099    48.62   41.16
  74091.372   315.352   101.79   50.98
  74457.457   352.730   102.11   51.51
  74823.616   386.377    91.90   38.75
  75189.849   400.703    39.12   33.97
  75556.156   398.584    -5.79   41.18
  75922.537   388.098   -28.62   41.92
  76288.991   380.680   -20.24   33.36
  76655.520   391.756    30.22   34.35
  77022.123   413.490    59.29   37.92
  77388.800   428.054    39.72   31.36
  77755.551   419.066   -24.51   42.07
  78122.377   386.767   -88.05   56.63
  78489.276   357.230   -80.51   50.39
  78856.251   339.166   -49.23   40.34
  79223.299   334.490   -12.74   45.44
  79590.422   331.409    -8.39   45.37
  79957.619   318.808   -34.32   48.18
  80324.891   302.417   -44.63   47.80
  80692.237   283.916   -50.37   45.07
  81059.658   271.679   -33.31   37.74
  81427.154   262.948   -23.76   25.00
  81794.724   267.740    13.04   29.92
  82162.369   288.668    56.93   38.85
  82530.089   311.299    61.55   40.81
  82897.883   334.430    62.89   42.67
  83265.752   350.367    43.32   49.17
  83633.697   372.897    61.24   49.47
  84001.716   401.161    76.80   57.50
  84369.810   432.868    86.14   56.62
  84737.980   460.501    75.06   45.15
  85106.224   470.373    26.81   41.97
  85474.544   456.182   -38.53   55.67
  85842.938   426.425   -80.78   64.22
  86211.408   383.238  -117.21   61.90
  86579.953   349.980   -90.25   55.28
  86948.574   311.957  -103.15   42.57
  87317.270   289.586   -60.68   32.49
  87686.041   275.149   -39.15   23.84
  88054.888   268.501   -18.03   29.28
  88423.810   269.135     1.72   38.26
  88792.808   268.522    -1.66   37.92
  89161.881   269.868     3.65   32.18
  89531.030   284.685    40.14   38.31
  89900.255   314.001    79.40   43.99
  90269.555   352.746   104.92   45.89
  90638.932   390.632   102.57   46.02
  91008.384   429.012   103.89   48.81
  91377.911   462.193    89.80   41.57
  91747.515   478.215    43.35   39.26
  92117.195   470.238   -21.58   58.92
  92486.951   438.912   -84.73   79.53
  92856.783   388.454  -136.44   82.24
  93226.691   334.408  -146.12   69.24
  93596.675   292.927  -112.12   56.44
  93966.735   241.334  -139.42   61.80
  94336.871   189.820  -139.19   63.64
  94707.084   149.184  -109.77   48.78
  95077.373   121.309   -75.28   19.48
  95447.739   114.548   -18.26    2.94
  95818.181   116.507     5.29    4.01
  96188.699   119.117     7.04    4.42
  96559.294   124.122    13.51    6.44
  96929.966   133.193    24.47   13.87
  97300.714   146.377    35.56   22.45
  97671.539   171.474    67.68   36.69
  98042.440   201.138    79.98   43.86
  98413.418   233.292    86.68   47.48
  98784.473   255.848    60.79   42.41
  99155.605   281.820    69.99   50.13
  99526.814   299.065    46.46   61.00
  99898.100   315.873    45.27   74.42
 100269.463   329.075    35.55   75.78
 100640.902   343.831    39.73   80.34
 101012.419   350.788    18.73   76.48
 101384.013   367.848    45.91   69.78
 101755.685   380.180    33.18   66.92
 102127.433   389.924    26.21   63.20
 102499.259   394.696    12.83   67.03
 102871.162   404.157    25.44   70.41
 103243.142   433.032    77.63   86.53
 103615.200   451.546    49.77   93.32
 103987.335   463.748    32.79   91.23
 104359.548   480.577    45.22   76.56
 104731.838   490.129    25.66   59.03
 105104.206   507.582    46.87   56.19
 105476.652   526.405    50.54   55.02
 105849.175   532.107    15.31   52.02
 106221.777   516.490   -41.92   57.43
 106594.456   480.235   -97.29   69.38
 106967.212   418.107  -166.68   69.62
 107340.047   376.469  -111.69   50.28
 107712.960   355.066   -57.40   31.33
 108085.950   359.863    12.86   33.59
 108459.019   387.419    73.87   44.83
 108832.166   422.470    93.94   50.89
 109205.391   455.294    87.95   45.07
 109578.694   474.416    51.23   31.42
 109952.075   480.620    16.62   29.32
 110325.535   478.824    -4.81   33.31
 110699.073   476.968    -4.97   31.04
 111072.689   483.753    18.16   26.76
 111446.384   482.079    -4.48   26.07
 111820.157   477.822   -11.39   22.93
 112194.009   475.617    -5.90   15.48
 112567.940   477.011     3.73   13.20
 112941.949   487.588    28.28   17.53
 113316.036   503.724    43.14   22.89
 113690.203   521.765    48.22   31.01
 114064.448   549.001    72.78   41.12
 114438.772   569.682    55.25   41.38
 114813.175   580.937    30.06   34.76
 115187.657   579.905    -2.76   34.12
 115562.218   567.075   -34.26   37.89
 115936.858   552.214   -39.67   44.05
 116311.577   528.267   -63.91   52.95
 116686.375   494.727   -89.49   52.59
 117061.252   462.711   -85.41   47.40
 117436.208   430.917   -84.80   38.21
 117811.244   417.780   -35.03   29.27
 118186.359   424.496    17.90   35.61
 118561.554   442.393    47.70   42.43
 118936.828   457.590    40.50   38.38
 119312.181   471.440    36.90   32.89
 119687.614   485.138    36.49   32.90
 120063.126   507.547    59.68   39.97
 120438.718   550.331   113.92   64.44
 120814.390   591.490   109.57   59.40
 121190.141   623.969    86.44   47.23
 121565.973   655.390    83.61   41.77
 121941.884   661.950    17.45   39.32
 122317.875   659.251    -7.18   41.73
 122693.945   645.784   -35.81   44.48
 123070.096   628.837   -45.06   39.63
 123446.327   619.717   -24.24   41.30
 123822.638   600.463   -51.17   50.45
 124199.029   568.230   -85.64   52.54
 124575.500   539.606   -76.04   44.81
 124952.052   510.157   -78.21   29.74
 125328.684   497.936   -32.45   19.74
 125705.396   496.622    -3.49   25.58
 126082.188   502.373    15.27   34.49
 126459.061   513.769    30.24   40.32
 126836.014   534.566    55.18   47.35
 127213.048   545.832    29.88   47.69
 127590.163   556.797    29.08   44.61
 127967.358   563.161    16.87   41.99
 128344.633   557.184   -15.84   38.17
 128721.990   546.864   -27.35   36.63
 129099.427   535.458   -30.22   34.90
 129476.945   524.118   -30.04   30.48
 129854.544   524.544     1.13   34.70
 130232.224   519.805   -12.55   35.08
 130609.985   517.118    -7.11   31.30
 130987.827   505.671   -30.30   27.33
 131365.750   487.980   -46.82   33.35
 131743.755   466.832   -55.95   31.41
 132121.840   450.864   -42.24   21.38
 132500.007   437.907   -34.27   12.97
 132878.255   429.799   -21.44   16.02
 133256.584   422.182   -20.14   17.75
 133634.995   417.296   -12.91   16.35
 134013.487   417.201    -0.25   17.67
 134392.061   420.148     7.79   18.63
 134770.716   418.820    -3.51   18.07
 135149.453   414.203   -12.19   15.48
 135528.271   408.990   -13.76   11.39
 135907.172   407.022    -5.20   11.21
 136286.154   408.417     3.68   14.10
 136665.217   412.852    11.70   14.37
 137044.363   413.916     2.81   14.83
 137423.591   408.254   -14.93   16.79
 137802.900   398.042   -26.92   18.05
 138182.292   391.359   -17.62   13.16
 138561.766   393.267     5.03   15.86
 138941.322   405.501    32.24   21.06
 139320.960   416.232    28.27   17.50
 139700.680   424.201    20.99   15.58
 140080.483   431.376    18.89   21.30
 140460.367   436.469    13.41   28.28
 140840.335   439.272     7.38   32.26
 141220.385   437.679    -4.19   29.46
 141600.517   435.053    -6.91   23.18
 141980.732   432.840    -5.82   17.49
 142361.029   437.407    12.01   19.48
 142741.409   448.437    29.00   27.00
 143121.872   471.675    61.08   34.55
 143502.418   501.603    78.65   37.49
 143883.046   536.355    91.31   38.88
 144263.757   550.352    36.77   34.51
 144644.552   538.801   -30.34   41.38
 145025.429   514.235   -64.50   42.85
 145406.389   487.595   -69.94   32.06
 145787.432   470.144   -45.80   26.23
 146168.559   461.511   -22.65   24.66
 146535.318   458.588    -7.97   24.42
 146900.729   457.261    -3.63   30.46
 147266.216   452.778   -12.27   30.99
 147631.778   441.927   -29.69   34.26
 147997.415   430.876   -30.23   31.44
 148363.128   419.327   -31.58   27.52
 148728.916   412.084   -19.80   31.06
 149094.779   408.447    -9.94   31.30
 149460.719   403.622   -13.19   30.48
 149826.734   398.475   -14.06   28.12
 150192.824   386.454   -32.84   23.85
 150558.990   376.095   -28.29   23.42
 150925.233   366.074   -27.36   17.06
 151291.550   361.846   -11.54   13.24
 151657.944   362.179     0.91   12.82
 152024.414   363.825     4.49   13.54
 152390.959   363.001    -2.25   14.85
 152757.581   354.224   -23.94   17.04
 153124.279   353.629    -1.62   18.80
 153491.052   372.373    51.11   45.59
 153857.902   420.199   130.38   90.17
 154224.828   504.254   229.10  115.00
 154591.831   572.053   184.76   93.87
 154958.909   615.857   119.34   56.28
 155326.064   631.434    42.43   59.49
 155693.295   627.001   -12.07   70.39
 156060.603   627.428     1.16   70.32
 156427.987   631.938    12.28   55.85
 156795.448   629.159    -7.56   41.50
 157162.985   610.948   -49.55   43.32
 157530.599   590.291   -56.20   49.95
 157898.290   555.917   -93.50   52.99
 158266.057   518.069  -102.93   49.96
 158633.901   489.136   -78.66   38.56
 159001.822   477.164   -32.54   24.86
 159369.820   482.324    14.02   23.43
 159737.894   497.044    40.00   26.20
 160106.046   514.801    48.24   25.62
 160474.274   528.053    35.99   27.76
 160842.580   537.399    25.38   30.47
 161210.962   540.640     8.80   28.10
 161579.422   539.219    -3.86   26.75
 161947.959   529.909   -25.26   30.09
 162316.573   508.968   -56.81   31.01
 162685.265   487.743   -57.58   24.61
 163054.034   475.580   -32.99   18.06
 163422.880   466.636   -24.25   17.76
 163791.804   458.296   -22.61   18.46
 164160.805   449.211   -24.62   14.60
 164529.883   446.001    -8.70    9.55
 164899.040   452.230    16.88   14.03
 165268.273   466.949    39.87   20.79
 165637.585   489.197    60.25   27.47
 166006.974   517.877    77.65   38.18
 166376.441   551.534    91.11   42.43
 166745.986   573.001    58.10   37.44
 167115.609   572.864    -0.37   35.43
 167485.309   554.532   -49.59   39.14
 167855.088   534.843   -53.25   36.31
 168224.944   521.727   -35.47   21.24
 168594.879   528.918    19.44   27.26
 168964.892   543.099    38.33   32.89
 169334.983   553.918    29.24   39.83
 169705.152   565.675    31.76   45.29
 170075.399   572.399    18.16   40.12
 170445.725   577.762    14.49   35.02
 170816.129   602.526    66.87   46.90
 171186.611   626.738    65.36   53.68
 171557.172   654.522    74.99   51.54
 171927.812   672.251    47.84   46.91
 172298.530   677.380    13.84   41.48
 172669.326   661.240   -43.53   57.00
 173040.201   634.141   -73.08   62.56
 173411.155   611.084   -62.16   46.45
 173782.188   604.110   -18.80   45.02
 174153.299   631.592    74.06   64.75
 174524.489   662.257    82.62   69.15
 174895.759   684.730    60.54   68.95
 175267.107   709.001    65.37   69.73
 175638.534   724.846    42.66   52.84
 176010.040   730.885    16.26   47.64
 176381.625   724.124   -18.20   62.70
 176753.290   708.595   -41.79   69.98
 177125.033   675.948   -87.83   71.56
 177496.856   647.803   -75.71   71.09
 177868.758   617.761   -80.79   49.78
 178240.740   608.959   -23.66   46.19
 178612.801   606.309    -7.12   53.19
 178984.941   598.324   -21.46   58.14
 179357.161   578.001   -54.60   60.76
 179729.461   553.858   -64.86   55.84
 180101.840   537.503   -43.93   39.71
 180474.298   534.404    -8.32   38.70
