-166278.659   713.682     0.00   74.74
-165906.850   694.544   -51.46   89.37
-165534.973   658.214   -97.68   99.82
-165163.028   626.475   -85.32  115.42
-164791.015   592.881   -90.29  122.72
-164418.933   540.352  -141.16  115.16
-164046.784   471.773  -184.25   92.81
-163674.566   423.394  -129.96   68.72
-163302.280   393.859   -79.32   49.50
-162929.925   381.989   -31.87   44.04
-162557.502   392.382    27.90   47.04
-162185.011   406.377    37.57   45.99
-161812.452   409.749     9.05   44.36
-161439.824   387.870   -58.71   55.00
-161067.127   358.552   -78.65   51.80
-160694.362   327.001   -84.63   41.37
-160321.529   296.443   -81.95   41.67
-159948.626   275.870   -55.16   41.44
-159575.656   257.680   -48.76   34.62
-159202.616   245.330   -33.10   32.74
-158829.508   243.992    -3.58   37.54
-158456.331   242.659    -3.57   41.98
-158083.085   242.259    -1.07   44.61
-157709.771   236.811   -14.59   40.10
-157336.387   229.737   -18.94   32.00
-156962.935   222.382   -19.69   24.61
-156589.413   221.624    -2.03   29.77
-156215.823   219.835    -4.79   35.22
-155842.164   217.858    -5.29   36.10
-155468.435   207.341   -28.14   28.18
-155094.638   197.573   -26.13   17.65
-154720.771   190.099   -19.99   10.54
-154346.836   185.418   -12.52    7.87
-153972.831   182.290    -8.36    6.30
-153598.756   180.333    -5.23    6.66
-153224.613   180.846     1.37    8.70
-152850.400   185.680    12.92   18.55
-152476.118   209.800    64.44   55.01
-152101.766   249.304   105.51   83.69
-151727.345   291.577   112.89   92.53
-151352.855   333.366   111.58   78.89
-150978.295   355.195    58.27   57.40
-150603.665   353.039    -5.76   49.50
-150228.966   345.123   -21.12   56.76
-149854.197   327.848   -46.09   57.52
-149479.359   306.613   -56.64   55.70
-149104.450   280.954   -68.43   53.70
-148729.472   254.482   -70.59   54.89
-148354.425   225.096   -78.34   46.50
-147979.307   209.051   -42.77   32.63
-147604.120   191.442   -46.93   28.21
-147228.862   177.730   -36.54   24.89
-146853.535   177.530    -0.53   29.24
-146478.138   194.708    45.76   49.84
-146102.670   242.835   128.16   80.24
-145727.133   310.382   179.85   88.65
-145351.525   385.619   200.28   85.09
-144975.848   431.832   123.00   54.70
-144600.100   434.369     6.75   49.72
-144224.282   409.656   -65.75   56.96
-143848.394   387.150   -59.87   48.59
-143472.435   356.992   -80.21   44.86
-143096.406   331.418   -68.01   48.95
-142720.307   304.496   -71.57   55.84
-142344.137   276.459   -74.52   53.42
-141967.897   256.394   -53.33   55.70
-141591.586   229.301   -71.99   44.88
-141215.205   205.344   -63.65   27.89
-140838.753   185.977   -51.44   21.83
-140462.231   175.653   -27.42   15.60
-140085.638   168.101   -20.05   12.84
-139708.974   166.511    -4.22   11.46
-139332.240   180.585    37.35   28.21
-138955.435   222.696   111.75   75.56
-138578.559   295.813   193.99  119.25
-138201.612   372.278   202.83  114.00
-137824.594   417.346   119.53   86.21
-137447.505   436.352    50.39   84.28
-137070.346   416.282   -53.21   86.98
-136693.115   414.200    -5.52   78.02
-136315.813   419.135    13.08   66.53
-135938.440   426.216    18.76   49.41
-135560.996   440.057    36.67   43.79
-135183.481   444.846    12.69   47.47
-134805.895   428.991   -41.99   54.24
-134428.237   415.612   -35.42   65.37
-134050.508   406.716   -23.55   76.64
-133672.708   403.182    -9.35   77.12
-133294.836   410.128    18.38   66.34
-132916.893   413.882     9.93   51.10
-132538.879   405.893   -21.13   52.87
-132160.793   375.953   -79.18   54.92
-131782.636   343.981   -84.54   44.41
-131404.406   330.301   -36.16   45.18
-131026.106   316.150   -37.40   45.62
-130647.733   300.894   -40.31   47.78
-130269.289   276.014   -65.74   48.82
-129890.774   240.630   -93.47   46.81
-129512.186   207.116   -88.52   36.33
-129133.527   183.180   -63.21   24.42
-128754.795   166.784   -43.29   15.03
-128375.992   158.073   -22.99   12.20
-127997.117   149.624   -22.30    9.88
-127618.170   144.471   -13.60    8.70
-127239.151   139.653   -12.71    6.07
-126860.060   136.737    -7.69    3.74
-126480.897   134.177    -6.75    4.62
-126101.661   130.992    -8.40    4.60
-125722.354   127.534    -9.12    5.07
-125342.974   123.292   -11.18    4.95
-124963.522   119.964    -8.77    4.09
-124583.998   116.906    -8.06    3.34
-124204.401   113.673    -8.51    5.00
-123824.732   111.294    -6.27    5.20
-123444.990   108.976    -6.10    4.68
-123065.176   108.281    -1.83    4.97
-122685.290   109.501     3.21    5.01
-122305.331   110.029     1.39    5.44
-121925.299   111.553     4.01    5.74
-121545.195   113.929     6.25    5.46
-121165.018   115.508     4.15    4.98
-120784.768   116.906     3.68    3.99
-120412.844   118.000     2.94    2.88
-120046.436   117.200    -2.18    3.73
-119679.962   115.706    -4.08    3.89
-119313.420   113.773    -5.27    4.19
-118946.811   110.870    -7.92    4.49
-118580.136   108.610    -6.16    4.39
-118213.394   106.615    -5.44    3.86
-117846.584   105.681    -2.55    3.23
-117479.708   106.499     2.23    3.50
-117112.764   107.094     1.62    4.09
-116745.753   108.330     3.37    4.34
-116378.675   109.223     2.43    4.32
-116011.530   109.377     0.42    3.86
-115644.318   108.180    -3.26    3.84
-115277.039   107.325    -2.33    3.32
-114909.692   107.472     0.40    3.08
-114542.278   106.942    -1.44    3.80
-114174.796   106.826    -0.31    4.98
-113807.247   106.906     0.22    6.62
-113439.631   106.282    -1.70    7.61
-113071.947   103.871    -6.56    9.65
-112704.195   102.406    -3.98    9.51
-112336.376   103.004     1.62   11.63
-111968.489   107.662    12.66   14.66
-111600.535   116.499    24.01   20.97
-111232.513   120.553    11.02   25.29
-110864.424   116.519   -10.96   28.87
-110496.266   107.743   -23.83   30.04
-110128.041    98.116   -26.14   26.04
-109759.748    86.624   -31.20    7.14
-109391.387    84.906    -4.66    0.00
-109022.958    84.906     0.00    0.00
-108654.461    84.906     0.00    0.00
-108285.897    84.906     0.00    0.00
-107917.264    84.906     0.00    0.00
-107548.563    84.906     0.00    0.00
-107179.794    84.906     0.00    0.00
-106810.957    84.906     0.00    0.00
-106442.052    85.263     0.97    1.54
-106073.079    87.682     6.56    4.95
-105704.037    91.235     9.63    6.52
-105334.927    94.126     7.83    5.91
-104965.749    94.720     1.61    5.42
-104596.503    92.039    -7.26    5.89
-104227.188    88.557    -9.43    5.08
-103857.804    86.606    -5.28    4.14
-103488.352    84.537    -5.60    5.80
-103118.832    81.156    -9.15    8.12
-102749.243    75.557   -15.15    9.61
-102379.586    69.619   -16.06    6.99
-102009.860    65.814   -10.29    2.97
-101640.065    64.425    -3.76    2.10
-101270.202    63.988    -1.18    2.02
-100900.269    63.565    -1.15    1.53
-100530.268    63.665     0.27    1.64
-100160.199    63.871     0.56    1.79
 -99790.060    63.999     0.35    1.92
 -99419.853    64.067     0.18    1.76
 -99049.576    62.104    -5.30    4.11
 -98679.231    60.743    -3.67    4.45
 -98308.816    60.013    -1.97    3.86
 -97938.333    60.104     0.24    3.72
 -97567.780    61.205     2.97    2.19
 -97197.159    60.466    -1.99    2.89
 -96826.468    58.668    -4.85    3.34
 -96455.708    57.122    -4.17    4.09
 -96084.879    55.716    -3.79    4.51
 -95713.980    55.624    -0.25    4.92
 -95343.013    54.708    -2.47    5.39
 -94971.975    51.777    -7.90    7.82
 -94600.869    47.027   -12.80    9.74
 -94229.693    41.418   -15.11    8.97
 -93858.447    36.711   -12.68    5.87
 -93487.133    35.251    -3.93    2.74
 -93115.748    35.882     1.70    2.61
 -92744.294    36.011     0.35    2.31
 -92372.770    36.174     0.44    1.59
 -92001.177    35.871    -0.82    1.43
 -91629.514    35.536    -0.90    1.58
 -91257.781    34.918    -1.66    1.97
 -90885.979    34.215    -1.89    1.84
 -90514.106    33.474    -1.99    1.65
 -90142.164    32.735    -1.99    1.58
 -89770.152    32.520    -0.58    1.56
 -89398.070    32.235    -0.76    1.58
 -89025.918    32.106    -0.35    1.39
 -88653.696    31.906    -0.54    1.66
 -88281.403    31.665    -0.65    1.84
 -87909.041    31.153    -1.37    1.64
 -87536.609    31.446     0.79    1.76
 -87164.106    31.116    -0.89    1.88
 -86791.534    31.069    -0.13    1.71
 -86418.891    30.770    -0.80    1.67
 -86046.177    31.476     1.89    2.25
 -85673.394    33.369     5.08    3.29
 -85300.540    35.377     5.38    3.49
 -84927.615    37.358     5.31    3.00
 -84554.621    38.630     3.41    2.47
 -84181.555    39.671     2.79    2.82
 -83808.419    39.812     0.38    2.69
 -83435.213    40.520     1.90    2.84
 -83061.936    41.531     2.71    3.19
 -82688.588    42.382     2.28    3.22
 -82315.170    43.826     3.86    2.91
 -81941.681    45.235     3.77    3.09
 -81568.121    44.790    -1.19    4.31
 -81194.490    43.737    -2.82    6.44
 -80820.789    42.395    -3.59    6.41
 -80447.016    41.511    -2.36    5.46
 -80073.173    41.372    -0.37    3.85
 -79699.259    42.761     3.72    3.46
 -79325.273    44.057     3.46    3.39
 -78951.217    45.207     3.07    3.59
 -78577.090    45.156    -0.14    3.25
 -78202.891    45.453     0.79    3.19
 -77828.621    44.917    -1.43    2.87
 -77454.280    45.328     1.10    3.18
 -77079.868    48.697     9.00    6.94
 -76705.384    54.328    15.04    9.40
 -76330.830    59.133    12.83   10.16
 -75956.203    63.275    11.06    9.15
 -75581.506    65.247     5.26    8.09
 -75206.737    66.292     2.79    7.42
 -74831.896    68.127     4.90    6.11
 -74456.984    70.641     6.71    5.26
 -74082.000    74.054     9.10    4.68
 -73706.945    77.132     8.21    4.75
 -73331.818    81.542    11.76    5.95
 -72956.619    87.296    15.33    8.13
 -72581.349    94.383    18.88    8.41
 -72206.006   101.052    17.77    8.35
 -71830.592   108.527    19.91    9.21
 -71455.107   116.174    20.37    9.74
 -71079.549   122.860    17.80    9.42
 -70703.919   129.394    17.39    9.80
 -70328.217   138.895    25.29   13.17
 -69952.443   151.306    33.03   18.59
 -69576.598   171.906    54.81   27.06
 -69200.680   194.881    61.11   27.66
 -68824.690   213.499    49.51   26.97
 -68448.627   232.674    50.99   28.76
 -68072.493   248.801    42.87   38.95
 -67696.286   265.906    45.46   46.00
 -67320.007   279.906    37.20   44.42
 -66943.655   294.585    39.00   41.74
 -66567.232   321.871    72.48   53.14
 -66190.735   363.479   110.51   79.15
 -65814.166   395.080    83.91   84.73
 -65437.525   414.126    50.56   73.55
 -65060.811   431.057    44.94   70.08
 -64684.025   471.870   108.31   95.21
 -64307.166   535.446   168.69  111.84
 -63930.234   611.200   200.97  107.03
 -63553.229   658.220   124.71   91.43
 -63176.152   670.786    33.32   78.60
 -62799.002   636.009   -92.20  106.28
 -62421.779   570.999  -172.33  117.04
 -62044.483   512.294  -155.59  100.77
 -61667.114   468.301  -116.57   94.18
 -61289.672   455.803   -33.11  102.94
 -60912.157   452.025   -10.01   94.90
 -60534.569   447.792   -11.21   88.09
 -60156.908   438.941   -23.44   81.04
 -59779.174   417.513   -56.72   74.90
 -59401.366   378.156  -104.17   72.46
 -59023.486   336.673  -109.77   55.14
 -58645.532   307.825   -76.33   44.84
 -58267.504   286.046   -57.61   38.03
 -57889.404   259.020   -71.47   33.27
 -57511.230   242.180   -44.53   29.57
 -57132.982   244.067     4.99   38.56
 -56754.661   266.243    58.62   69.21
 -56376.267   307.400   108.76   78.47
 -55997.799   345.425   100.46   59.25
 -55619.257   358.185    33.71   52.58
 -55240.641   335.174   -60.77   62.82
 -54861.952   297.645   -99.10   64.98
 -54483.190   259.577  -100.50   59.25
 -54104.353   222.722   -97.28   38.16
 -53725.442   207.617   -39.86   20.50
 -53346.458   213.032    14.29   26.57
 -52967.400   237.506    64.56   39.03
 -52588.268   257.918    53.84   37.98
 -52209.061   272.013    37.17   31.99
 -51829.781   274.009     5.26   29.51
 -51450.427   266.676   -19.33   33.27
 -51070.998   264.047    -6.93   37.92
 -50691.496   261.895    -5.67   39.33
 -50311.919   258.619    -8.63   42.16
 -49932.267   258.662     0.11   39.08
 -49552.542   255.197    -9.12   31.90
 -49172.742   254.315    -2.32   29.11
 -48792.868   251.765    -6.71   25.94
 -48412.919   249.032    -7.19   25.41
 -48032.896   248.677    -0.94   27.12
 -47652.798   259.667    28.91   36.94
 -47272.626   284.321    64.85   59.59
 -46892.379   340.730   148.34   88.66
 -46512.058   421.511   212.40  109.76
 -46131.662   499.377   204.69  111.78
 -45755.418   575.247   201.64  101.48
 -45389.224   622.412   128.79   72.19
 -45022.961   624.077     4.55   56.77
 -44656.629   591.274   -89.54   78.83
 -44290.229   537.549  -146.62   83.31
 -43923.761   487.838  -135.64   61.24
 -43557.224   469.113   -51.08   59.13
 -43190.618   488.176    52.00   78.69
 -42823.944   524.787    99.84   88.10
 -42457.200   556.861    87.45   70.81
 -42090.388   561.429    12.45   61.26
 -41723.508   558.472    -8.06   65.39
 -41356.558   523.458   -95.42   76.84
 -40989.540   481.496  -114.33   81.78
 -40622.452   445.326   -98.53   81.09
 -40255.296   416.091   -79.62   74.31
 -39888.070   388.667   -74.68   64.87
 -39520.776   366.147   -61.31   67.46
 -39153.412   320.895  -123.18   75.88
 -38785.980   271.418  -134.65   60.64
 -38418.478   233.185  -104.03   42.39
 -38050.907   225.104   -21.99   35.59
 -37683.267   241.659    45.03   47.13
 -37315.557   267.463    70.17   48.77
 -36947.779   288.440    57.04   32.79
 -36579.930   285.561    -7.83   39.76
 -36212.013   263.999   -58.60   51.72
 -35844.026   240.315   -64.36   50.39
 -35475.970   215.255   -68.09   33.91
 -35107.844   201.195   -38.19   25.13
 -34739.648   190.260   -29.70   18.31
 -34371.383   188.611    -4.48   17.58
 -34003.048   193.760    13.98   20.84
 -33634.644   209.481    42.67   29.50
 -33266.170   235.049    69.39   35.87
 -32897.626   265.917    83.76   37.10
 -32529.012   290.165    65.78   30.04
 -32160.329   300.292    27.47   23.42
 -31791.576   293.534   -18.33   31.03
 -31422.752   259.650   -91.87   52.45
 -31053.859   218.262  -112.19   57.19
 -30684.896   167.706  -137.02   46.64
 -30315.863   134.792   -89.19   33.23
 -29946.760   112.918   -59.26   17.07
 -29577.587   104.193   -23.63    7.59
 -29208.343   101.383    -7.61    4.18
 -28839.029   100.963    -1.14    3.96
 -28469.646   100.406    -1.51    4.16
 -28100.191    99.995    -1.11    4.98
 -27730.667    99.593    -1.09    5.71
 -27361.072    98.213    -3.73    6.17
 -26991.407    95.967    -6.08    6.66
 -26621.672    93.147    -7.63    4.74
 -26251.866    90.610    -6.86    3.40
 -25881.989    88.653    -5.29    3.41
 -25512.042    86.871    -4.82    3.27
 -25142.024    85.145    -4.66    2.98
 -24771.936    83.382    -4.76    2.99
 -24401.777    81.453    -5.21    3.28
 -24031.548    80.011    -3.89    3.13
 -23661.247    78.965    -2.82    3.08
 -23290.876    79.258     0.79    4.15
 -22920.434    80.724     3.96    5.28
 -22549.921    82.069     3.63    5.64
 -22179.337    83.929     5.02    5.31
 -21808.683    87.592     9.88    7.73
 -21437.957    95.745    21.99   13.88
 -21067.160   108.122    33.38   23.91
 -20696.293   122.954    39.99   29.30
 -20325.354   138.906    43.00   31.85
 -19954.344   155.553    44.87   32.32
 -19583.263   173.940    49.55   33.90
 -19212.110   197.101    62.40   34.68
 -18840.886   229.768    88.00   41.46
 -18469.591   263.448    90.71   41.64
 -18098.225   300.006    98.44   42.28
 -17726.787   326.552    71.47   30.65
 -17355.278   332.782    16.77   25.98
 -16983.697   326.406   -17.16   27.20
 -16612.045   303.963   -60.39   28.13
 -16240.321   283.772   -54.32   23.71
 -15868.526   265.713   -48.57   23.63
 -15496.659   250.247   -41.59   21.08
 -15124.720   236.576   -36.75   18.82
 -14752.710   227.553   -24.26   13.99
 -14380.628   221.815   -15.42   12.18
 -14008.474   220.929    -2.38   15.29
 -13636.248   216.895   -10.84   19.77
 -13263.950   211.766   -13.77   21.25
 -12891.581   199.791   -32.16   23.75
 -12519.139   187.193   -33.82   24.53
 -12146.626   171.513   -42.09   23.12
 -11774.040   162.777   -23.45   20.57
 -11401.382   157.400   -14.43   19.93
 -11028.652   156.338    -2.85   22.75
 -10655.850   159.417     8.26   22.15
 -10282.976   157.659    -4.72   21.36
  -9910.029   150.753   -18.52   19.07
  -9537.011   141.221   -25.55   19.47
  -9163.919   125.929   -40.99   20.70
  -8790.756   109.860   -43.06   23.40
  -8417.520    88.511   -57.20   22.85
  -8044.211    71.975   -44.29   22.39
  -7670.830    53.193   -50.30   21.40
  -7297.377    40.701   -33.45   16.94
  -6923.851    38.406    -6.15   14.77
  -6550.252    45.133    18.01   20.10
  -6176.580    52.262    19.08   18.12
  -5802.836    52.713     1.21   17.05
  -5429.019    46.476   -16.68   18.62
  -5055.130    40.826   -15.11   14.87
  -4681.167    37.561    -8.73   11.36
  -4307.132    39.063     4.02   11.13
  -3933.023    36.894    -5.80   13.54
  -3558.842    29.042   -20.98   15.04
  -3184.587    20.730   -22.21   13.64
  -2810.260    14.173   -17.52   11.58
  -2435.859    10.464    -9.91    9.90
  -2061.385     9.361    -2.95   10.91
  -1686.839     8.085    -3.41   11.37
  -1312.218     5.792    -6.12    9.73
   -937.525     4.205    -4.24    8.16
   -562.758     2.344    -4.96    6.82
   -187.918     0.580    -4.71    3.21
    186.995    -0.094    -1.80    0.00
    561.982    -0.094     0.00    0.00
    937.043    -0.094     0.00    0.00
   1312.177    -0.094     0.00    0.00
   1687.384    -0.094     0.00    0.00
   2062.665     0.108     0.54    1.31
   2438.020     3.031     7.79    5.86
   2813.449     6.953    10.45    7.52
   3188.951    11.962    13.34    7.99
   3564.527    16.825    12.95    6.10
   3940.177    20.039     8.56    6.51
   4315.901    23.976    10.48    5.59
   4691.698    26.372     6.38    5.15
   5067.570    26.847     1.26    5.54
   5443.516    26.281    -1.51    6.38
   5819.536    24.941    -3.56    8.11
   6195.629    24.617    -0.86    9.05
   6571.797    24.662     0.12    9.27
   6948.039    25.474     2.16    9.86
   7324.356    28.557     8.19   11.55
   7700.746    34.383    15.48   13.75
   8077.211    42.331    21.11   14.38
   8453.750    47.872    14.71   13.75
   8830.364    54.546    17.72    9.15
   9207.052    58.145     9.55    6.82
   9583.815    61.159     8.00    5.06
   9960.652    63.486     6.17    5.67
  10337.564    66.458     7.89    6.09
  10714.550    70.184     9.88    6.98
  11091.611    76.262    16.12    8.52
  11468.747    83.075    18.06   11.19
  11845.957    90.315    19.20   12.77
  12223.242    98.389    21.40   15.24
  12600.602   106.073    20.36   17.86
  12978.037   113.987    20.97   20.15
  13355.547   127.715    36.36   24.27
  13733.132   141.667    36.95   27.70
  14110.792   153.497    31.32   23.86
  14488.527   153.790     0.78   21.43
  14866.337   140.090   -36.26   28.17
  15244.222   117.918   -58.68   31.73
  15622.182    90.429   -72.73   30.28
  16000.218    66.372   -63.64   24.92
  16378.328    48.558   -47.11   15.06
  16756.515    39.147   -24.88    8.18
  17134.776    36.106    -8.04    4.34
  17513.113    37.185     2.85    4.27
  17891.526    40.201     7.97    3.66
  18270.014    42.382     5.76    2.47
  18648.577    44.243     4.92    2.53
  19027.216    46.002     4.65    2.99
  19405.931    47.713     4.52    3.40
  19784.721    49.966     5.95    2.23
  20163.587    50.785     2.16    2.20
  20542.529    51.144     0.95    2.49
  20921.547    51.005    -0.37    3.02
  21300.640    50.204    -2.11    3.70
  21679.810    47.445    -7.27    5.23
  22059.055    43.777    -9.67    6.02
  22438.377    39.490   -11.30    6.34
  22817.774    35.371   -10.86    5.04
  23197.248    33.929    -3.80    3.63
  23576.797    34.090     0.42    3.81
  23956.423    35.326     3.26    4.67
  24336.125    39.008     9.70    4.92
  24715.904    40.939     5.08    4.26
  25095.758    40.474    -1.22    4.65
  25475.690    38.747    -4.55    5.69
  25855.697    35.063    -9.69    6.22
  26235.781    30.804   -11.21    5.48
  26615.941    27.339    -9.11    5.10
  26996.178    21.791   -14.59    8.34
  27376.492    15.620   -16.23   10.61
  27756.882     9.504   -16.08    8.63
  28137.349     4.580   -12.94    2.79
  28517.892     4.773     0.51    2.54
  28898.513     6.580     4.75    3.81
  29264.797     9.287     7.39    5.99
  29630.843    12.304     8.24    7.11
  29996.959    12.147    -0.43    7.47
  30363.146    10.490    -4.53    7.89
  30729.402     8.713    -4.85    6.16
  31095.729     9.258     1.49    5.92
  31462.127    13.254    10.91    7.54
  31828.594    19.034    15.77    6.15
  32195.132    23.007    10.84    3.93
  32561.741    25.180     5.93    3.23
  32928.420    27.221     5.57    3.99
  33295.169    29.235     5.49    4.13
  33661.989    31.521     6.23    4.73
  34028.880    33.326     4.92    4.71
  34395.841    34.378     2.87    4.56
  34762.873    34.849     1.28    4.09
  35129.976    34.542    -0.84    3.81
  35497.149    34.328    -0.58    3.88
  35864.394    34.818     1.33    4.88
  36231.709    37.996     8.65    8.71
  36599.095    42.262    11.61   10.42
  36966.552    44.659     6.52   11.66
  37334.080    46.195     4.18   10.97
  37701.679    47.497     3.54    8.89
  38069.349    48.065     1.54    5.54
  38437.090    50.344     6.20    5.21
  38804.902    53.929     9.75    6.99
  39172.786    59.715    15.73    7.55
  39540.741    65.611    16.02    8.55
  39908.766    72.939    19.91    9.69
  40276.864    79.826    18.71    9.47
  40645.032    86.941    19.33    7.31
  41013.272    91.862    13.36    5.23
  41381.584    95.162     8.96    4.02
  41749.967    95.433     0.74    3.61
  42118.421    95.624     0.52    3.15
  42486.947    94.417    -3.27    5.08
  42855.545    90.266   -11.26    9.10
  43224.214    86.719    -9.62    9.59
  43592.955    83.177    -9.61    7.94
  43961.767    82.584    -1.61    7.20
  44330.652    82.743     0.43    6.97
  44699.608    78.335   -11.95   12.72
  45068.636    69.262   -24.58   19.84
  45437.736    57.781   -31.11   20.61
  45806.908    48.670   -24.68   18.12
  46176.151    41.008   -20.75   11.91
  46545.467    37.985    -8.19    6.04
  46914.855    46.998    24.40   18.83
  47284.315    60.209    35.76   25.09
  47653.847    78.299    48.95   24.38
  48023.451    93.277    40.53   18.76
  48393.128   101.641    22.63   17.57
  48762.877   108.122    17.53   18.32
  49132.698   117.596    25.62   18.56
  49502.591   129.840    33.10   21.80
  49872.557   144.341    39.20   22.12
  50242.595   162.302    48.54   27.60
  50612.706   180.164    48.27   33.39
  50982.889   199.367    51.87   38.00
  51353.145   222.446    62.34   45.79
  51723.473   244.951    60.77   52.16
  52093.874   256.054    29.98   50.64
  52464.348   270.254    38.33   49.41
  52834.894   270.062    -0.52   44.28
  53205.513   265.917   -11.18   45.20
  53576.205   264.884    -2.79   44.63
  53946.970   265.995     3.00   47.06
  54317.808   278.346    33.31   56.29
  54688.719   292.883    39.20   63.87
  55059.703   288.389   -12.11   73.69
  55430.759   265.596   -61.43   75.25
  55801.889   236.715   -77.82   66.00
  56173.092   214.680   -59.36   40.20
  56544.368   212.603    -5.59   29.89
  56915.717   209.930    -7.20   27.01
  57287.140   215.162    14.09   27.62
  57658.636   220.173    13.49   27.02
  58030.205   223.642     9.34   26.95
  58401.847   224.794     3.10   24.41
  58773.563   223.063    -4.66   17.03
  59145.353   219.187   -10.43   11.94
  59517.215   220.239     2.83   11.20
  59889.152   223.401     8.50   11.61
  60261.162   229.771    17.13   14.75
  60633.246   237.997    22.11   19.64
  61005.403   243.209    14.01   24.38
  61377.634   242.439    -2.07   26.13
  61749.939   237.873   -12.27   29.96
  62122.317   234.195    -9.88   34.24
  62494.770   230.417   -10.14   35.13
  62867.296   227.695    -7.31   36.88
  63239.896   211.445   -43.61   41.81
  63612.571   189.961   -57.65   42.48
  63985.319   165.021   -66.91   34.44
  64358.141   150.895   -37.89   27.63
  64731.038   139.212   -31.33   22.53
  65104.008   128.906   -27.63   19.47
  65477.053   119.466   -25.31   14.11
  65850.172   112.355   -19.06   10.48
  66223.365   113.299     2.53   19.05
  66596.633   124.159    29.10   38.48
  66969.975   133.132    24.04   43.19
  67343.392   129.406    -9.98   38.91
  67716.883   122.025   -19.76   30.13
  68090.448   116.210   -15.57   30.37
  68464.088   110.860   -14.32   29.60
  68837.803   101.895   -23.99   26.17
  69211.592    92.278   -25.73   18.47
  69585.456    88.697    -9.58   11.98
  69959.394    88.627    -0.19    9.55
  70333.408    94.433    15.53   10.93
  70707.496   100.963    17.46    9.01
  71081.659   104.510     9.48    7.61
  71455.897   105.627     2.98    5.47
  71830.210   104.150    -3.94    5.73
  72204.598    99.504   -12.41    8.40
  72579.061    94.884   -12.34    8.22
  72953.599    95.182     0.80    8.89
  73328.212    98.368     8.50   10.92
  73702.900   102.849    11.96    8.83
  74077.664   103.071     0.59    7.42
  74452.503    98.193   -13.01    8.86
  74827.417    88.506   -25.84   12.54
  75202.407    77.039   -30.58   14.64
  75577.471    71.028   -16.03   11.47
  75952.612    68.842    -5.83    9.32
  76327.828    67.195    -4.39    9.75
  76703.119    66.540    -1.74    9.77
  77078.486    64.684    -4.95    9.78
  77453.929    65.717     2.75   11.25
  77829.447    70.528    12.81   10.48
  78205.041    71.247     1.91    9.52
  78580.710    67.350   -10.37    9.38
  78956.456    61.440   -15.73    9.36
  79332.277    54.184   -19.31    6.22
  79708.175    51.367    -7.49    4.58
  80084.148    57.284    15.74   13.20
  80460.197    64.940    20.36   15.04
  80836.322    73.284    22.18   12.12
  81212.524    75.457     5.78    8.84
  81588.801    70.517   -13.13   11.62
  81965.155    64.065   -17.14   11.78
  82341.585    63.829    -0.63   15.69
  82718.091    68.656    12.82   22.46
  83094.673    78.428    25.95   26.44
  83471.332    91.591    34.95   27.44
  83848.067   104.250    33.60   27.68
  84224.879   118.148    36.88   28.95
  84601.767   134.850    44.32   25.72
  84978.732   146.250    30.24   17.26
  85355.773   150.395    10.99   13.59
  85732.891   143.562   -18.12   21.83
  86110.085   125.750   -47.22   26.52
  86487.356   112.170   -36.00   20.35
  86864.705   107.895   -11.33   15.08
  87242.129   113.457    14.74   15.98
  87619.631   128.039    38.63   15.60
  87997.210   140.469    32.92   12.44
  88374.865   149.631    24.26   10.90
  88752.598   154.009    11.59    9.39
  89130.408   157.455     9.12    8.11
  89508.294   155.133    -6.15   11.21
  89886.258   150.017   -13.54   12.22
  90264.299   147.906    -5.58   11.68
  90642.418   149.906     5.29   11.55
  91020.613   152.753     7.53   10.18
  91398.886   147.317   -14.37   15.15
  91777.236   136.185   -29.42   18.79
  92155.664   129.276   -18.26   15.25
  92534.169   126.986    -6.05   12.65
  92912.752   133.885    18.22   14.13
  93291.412   144.471    27.96    8.72
  93670.150   149.115    12.26    8.29
  94048.966   151.487     6.26    9.06
  94427.859   148.384    -8.19   10.53
  94806.830   143.278   -13.47   12.13
  95185.879   137.819   -14.40    9.86
  95565.005   136.615    -3.18    7.25
  95944.210   139.015     6.33    7.27
  96323.492   141.836     7.44    5.70
  96702.853   136.428   -14.26   13.72
  97082.291   124.791   -30.67   19.84
  97461.808   119.819   -13.10   17.35
  97841.403   122.973     8.31   19.48
  98221.076   132.675    25.56   17.08
  98600.827   140.771    21.32    7.10
  98980.656   141.808     2.73    6.09
  99360.564   140.173    -4.31    5.62
  99740.550   138.532    -4.32    6.75
 100120.615   135.055    -9.15    9.36
 100500.758   130.917   -10.89    8.57
 100880.979   127.996    -7.68    6.31
 101261.279   129.258     3.32    7.71
 101641.658   133.162    10.26    7.34
 102022.115   135.207     5.38    6.69
 102402.651   136.328     2.95    4.96
 102783.266   136.358     0.08    3.14
 103163.960   135.384    -2.56    2.65
 103544.732   136.005     1.63    5.51
 103915.683   139.328     8.96    8.61
 104281.507   141.540     6.05    8.35
 104647.403   142.333     2.17    7.21
 105013.370   141.346    -2.70    6.07
 105379.410   139.679    -4.55    4.99
 105745.521   136.699    -8.14    4.30
 106111.704   134.600    -5.73    4.41
 106477.960   132.225    -6.49    4.20
 106844.288   130.627    -4.36    3.42
 107210.687   128.286    -6.39    3.25
 107577.159   126.117    -5.92    3.41
 107943.704   123.895    -6.06    3.57
 108310.320   121.939    -5.34    3.10
 108677.009   120.558    -3.77    2.66
 109043.770   119.291    -3.46    2.76
 109410.604   117.469    -4.97    3.21
 109777.510   115.543    -5.25    3.18
 110144.488   114.011    -4.18    3.51
 110511.539   111.069    -8.01    4.73
 110878.663   107.860    -8.74    6.81
 111245.859   102.939   -13.40    8.10
 111613.128    97.667   -14.35    6.14
 111980.470    93.196   -12.17    3.93
 112347.884    89.873    -9.05    3.94
 112715.372    87.186    -7.31    4.15
 113082.932    85.346    -5.01    3.43
 113450.565    85.006    -0.92    3.75
 113818.271    87.634     7.15    5.60
 114186.049    90.871     8.80    5.95
 114553.901    92.863     5.41    4.85
 114921.826    94.104     3.37    3.33
 115289.824    93.734    -1.00    3.18
 115657.895    92.828    -2.46    3.10
 116026.040    92.060    -2.09    3.07
 116394.257    91.526    -1.45    2.89
 116762.548    91.917     1.06    3.17
 117130.912    92.236     0.86    3.17
 117499.349    92.201    -0.09    2.82
 117867.860    91.536    -1.80    3.07
 118236.445    90.542    -2.70    3.19
 118605.102    89.100    -3.91    2.77
 118973.834    88.353    -2.02    3.21
 119342.639    89.734     3.74    4.54
 119711.517    90.801     2.89    4.20
 120080.469    91.036     0.64    3.67
 120449.495    90.962    -0.20    3.74
 120818.595    89.765    -3.24    4.05
 121187.768    89.139    -1.69    4.89
 121557.016    89.449     0.84    5.01
 121926.337    88.115    -3.61    5.10
 122295.732    85.995    -5.74    6.12
 122665.201    84.058    -5.24    7.11
 123034.744    83.850    -0.56    8.58
 123404.361    86.852     8.12   10.10
 123774.052    91.522    12.63    9.01
 124143.818    94.573     8.25    7.47
 124513.657    97.266     7.28    4.54
 124883.571    97.938     1.82    2.97
 125253.559    97.301    -1.72    2.85
 125623.622    96.221    -2.92    3.11
 125993.758    95.636    -1.58    3.35
 126363.969    94.499    -3.07    3.53
 126734.255    94.020    -1.30    3.43
 127104.615    94.304     0.77    3.45
 127475.050    93.984    -0.86    3.31
 127845.559    94.143     0.43    3.01
 128216.143    93.829    -0.85    2.58
 128586.802    94.080     0.68    2.06
 128957.535    93.851    -0.62    1.99
 129328.343    93.173    -1.83    2.41
 129699.226    93.358     0.50    2.51
 130070.184    93.557     0.54    2.08
 130441.216    94.308     2.02    1.59
 130812.324    94.185    -0.33    2.07
 131183.507    93.091    -2.95    3.21
 131554.764    91.315    -4.78    4.12
 131926.097    89.089    -6.00    4.00
 132297.505    86.773    -6.24    2.80
 132668.988    86.330    -1.19    2.99
 133040.546    85.368    -2.59    3.24
 133412.180    84.510    -2.31    3.41
 133783.889    83.906    -1.63    3.26
 134155.673    83.250    -1.76    3.09
 134527.532    82.304    -2.55    3.08
 134899.467    81.198    -2.97    3.65
 135271.478    79.411    -4.80    3.89
 135643.564    76.145    -8.78    4.57
 136015.726    73.667    -6.66    3.53
 136387.963    73.187    -1.29    3.18
 136760.276    73.515     0.88    2.91
 137132.665    73.607     0.25    2.74
 137505.129    73.734     0.34    2.66
 137877.669    73.371    -0.97    2.81
 138250.285    73.569     0.53    3.62
 138622.977    74.057     1.31    3.94
 138995.745    74.379     0.86    3.57
 139368.589    74.987     1.63    2.83
 139741.509    74.982    -0.01    2.48
 140114.506    73.486    -4.01    2.82
 140487.578    72.439    -2.81    2.72
 140860.726    71.715    -1.94    2.70
 141233.951    71.895     0.48    2.90
 141607.252    71.806    -0.24    3.21
 141980.629    71.732    -0.20    3.13
 142354.083    71.766     0.09    2.64
 142727.613    72.493     1.95    4.14
 143101.219    73.110     1.65    5.11
 143474.902    73.841     1.96    5.30
 143848.662    73.949     0.29    4.84
 144222.498    72.417    -4.10    4.91
 144596.411    68.842    -9.56    5.39
 144970.400    65.591    -8.69    4.13
 145344.466    64.293    -3.47    3.45
 145718.609    62.599    -4.53    2.88
 146092.829    61.809    -2.11    3.51
 146467.126    60.795    -2.71    4.08
 146841.499    59.229    -4.18    4.23
 147215.950    57.474    -4.69    4.47
 147590.478    55.928    -4.13    3.72
 147965.082    55.794    -0.36    4.84
 148339.764    56.645     2.27    5.73
 148714.523    58.201     4.15    6.27
 149089.359    59.487     3.43    5.30
 149464.273    60.758     3.39    4.26
 149839.263    60.992     0.62    2.05
 150214.332    60.997     0.01    1.89
 150589.477    60.895    -0.27    2.99
 150964.700    60.871    -0.06    4.59
 151340.000    60.766    -0.28    5.52
 151715.378    59.813    -2.54    5.58
 152090.834    59.014    -2.13    4.60
 152466.367    57.527    -3.96    3.95
 152841.978    53.971    -9.47    5.03
 153217.667    50.406    -9.49    5.30
 153593.433    47.960    -6.51    5.22
 153969.277    46.367    -4.24    5.92
 154345.199    44.680    -4.49    5.93
 154721.199    43.614    -2.84    5.37
 155097.277    43.098    -1.37    3.81
 155473.433    42.384    -1.90    2.66
 155849.667    42.544     0.43    1.94
 156225.979    42.517    -0.07    2.52
 156602.370    41.917    -1.60    3.04
 156978.838    41.192    -1.93    3.33
 157355.385    43.715     6.70   11.15
 157732.010    52.444    23.18   27.46
 158108.713    71.078    49.47   46.12
 158485.495    95.697    65.35   58.95
 158862.356   126.800    82.54   61.13
 159239.294   155.785    76.91   50.96
 159616.312   189.347    89.03   32.02
 159993.408   209.819    54.30   25.59
 160370.582   228.293    48.99   25.66
 160747.836   239.686    30.20   26.62
 161125.168   240.347     1.75   27.46
 161502.578   240.982     1.68   24.55
 161880.068   244.526     9.39   16.70
 162257.637   246.609     5.52   11.76
 162635.284   248.777     5.74   11.07
 163013.011   247.521    -3.32   10.59
 163390.816   241.849   -15.02   12.96
 163768.701   235.562   -16.64   15.11
