# NaN NaN NaN ;Mean Elev.(m), Avg Gradient(m/km), RMS Gradient(m/km) - SRTM1     
#    8.167 -34.569  64.567 ;Mean Elev.(m), Avg Gradient(m/km), RMS Gradient(m/km) - ASTER GDEM
#    1.000 -34.529  61.927 ;Mean Elev.(m), Avg Gradient(m/km), RMS Gradient(m/km) - GMTED2010 
  8 175.390006  64.728622     8.148     8.307  7 52483.37826895 20.669
  9 175.398856  64.730615     4.246     3.854  5 52518.37822749 20.918
 11 175.391260  64.731232     8.360     8.327  7 52588.37825908 21.503
 12 175.397721  64.731436     3.384     3.345  5 52623.37821184 16.117
 13 175.389354  64.728358     8.849     8.453  7 52658.37822904  6.805
 15 175.389595  64.730198    34.877    35.140  6 52728.37824958  7.248
 16 175.391304  64.730514    28.280    28.735  6 52763.37826232 24.201
 18 175.383590  64.726803     8.396     8.172  7 52833.37830511 12.616
 19 175.389416  64.731390     4.465     4.639  7 52868.37834819 24.857
 20 175.383257  64.738652     5.716     5.716  2 52903.37836363 17.710
 21 175.402842  64.730598     8.355     8.618  5 52938.37829862 26.170
 22 175.382009  64.727177     6.973     6.785  7 52973.37833392 11.263
 23 175.385998  64.727564    23.145    24.414  7 53008.37834225  6.967
 24 175.375575  64.726886    37.952    38.265  7 53043.37829983  3.571
 25 175.389099  64.727545    42.345    42.038  7 53078.37833286  0.689
 27 175.384569  64.725989     2.319     2.245  7 53148.37834822 14.869
 28 175.391205  64.730906    10.723    10.416  6 53183.37834720 16.043
 29 175.390046  64.728774     5.433     5.575  7 53218.37837121 31.206
 30 175.394151  64.732356    22.530    19.591  6 53253.37834935 14.061
 32 175.392538  64.732060     6.899     7.125  6 53323.37832705 22.814
 33 175.402196  64.730418     0.204     0.204  5 53358.37829043 14.196
 34 175.371533  64.733561     0.569     0.569  2 53393.37830793  9.426
 35 175.396967  64.732185     8.980    10.746  5 53428.37830128  6.352
 36 175.381557  64.726770    34.076    34.471  6 53463.37832066  6.002
 37 175.381344  64.726474    38.959    39.166  7 53498.37839054  2.414
 38 175.391258  64.733372    12.470    12.726  5 53533.37837439 14.865
 39 175.383559  64.732078    19.999    18.676  4 53568.37839191 23.207
 40 175.399288  64.731790     6.022     6.033  5 53603.37833711 13.966
 41 175.376917  64.726417    30.708    30.976  6 53638.37833506 13.101
 42 175.383271  64.726470     1.771     1.788  7 53673.37835524 33.808
 43 175.403055  64.731078     1.717     1.633  5 53708.37828676 12.562
 44 175.408754  64.732529     1.905     1.967  5 53743.37819766 10.107
 45 175.389626  64.731088     5.647     6.109  7 53778.37822540  7.677
 46 175.406581  64.731631    22.586    20.382  5 53813.37819968  3.646
 47 175.378220  64.726106     5.411     4.965  7 53848.37825646  3.145
 49 175.383378  64.725776     5.219     5.175  7 53918.37833756 16.516
 50 175.384268  64.726041    10.517     9.400  7 53953.37834009 23.337
 52 175.380213  64.728025     8.158     8.701  7 54023.37832079 23.522
 53 175.392434  64.730883     5.548     5.302  6 54058.37831338 19.026
 55 175.378394  64.726221    30.409    32.492  7 54128.37823111  5.642
 56 175.390561  64.729835    36.160    36.807  7 54163.37826300  4.093
 57 175.382620  64.725940    33.587    34.560  7 54198.37823336  5.813
 58 175.386101  64.728661    39.717    39.413  7 54233.37827673  2.400
 59 175.387904  64.731546     9.343     9.401  6 54268.37829616 17.207
 60 175.390526  64.728551     5.117     4.856  7 54303.37829916 38.626
 61 175.394228  64.729963     7.250     7.456  6 54338.37828452 16.543
 62 175.384748  64.728070     6.637     6.704  7 54373.37823260 16.309
 63 175.388810  64.730694     6.287     6.824  7 54408.37823030 31.512
 64 175.377547  64.726327     3.344     3.410  6 54443.37819344 15.287
 65 175.390401  64.728784    35.541    35.450  7 54478.37821938  5.468
 66 175.379624  64.726599    23.000    24.696  7 54513.37820842  6.463
 67 175.392185  64.731493    31.951    34.031  7 54548.37823357  6.027
 68 175.388050  64.728955    35.378    35.337  7 54583.37820449  4.638
 69 175.389200  64.728471    13.281    14.240  7 54618.37822462 30.868
 70 175.387859  64.729103     4.489     4.904  7 54653.37823649 39.958
 71 175.392542  64.730872     4.931     4.812  7 54688.37822573 21.288
 72 175.385067  64.720995     2.767     2.875  3 54723.37818304 22.392
 73 175.389344  64.730111     5.033     4.218  7 54758.37820129 35.000
 74 175.377046  64.725499     7.746     7.883  7 54793.37817729 20.161
 75 175.388406  64.727572     1.314     1.143  7 54828.37819944 12.689
 77 175.389207  64.731283     5.927     6.016  7 54898.37819980  4.903
 78 175.383377  64.726841     4.582     4.667  7 54933.37816625  4.025
 79 175.393327  64.723743     1.104     0.868  4 54968.37819971 32.404
 80 175.385336  64.729318     5.161     5.284  6 55003.37822061 14.950
 81 175.389409  64.730384     3.911     4.339  7 55038.37820757 28.587
 82 175.393187  64.731695     6.577     6.160  6 55073.37819300 24.893
 83 175.380070  64.727735     3.528     3.853  7 55108.37813961 15.342
 85 175.377149  64.727135     8.081     8.372  7 55178.37811241 11.819
 86 175.389140  64.729665     9.283     8.931  7 55213.37813876  8.708
 87 175.385280  64.725624     2.981     2.912  7 55248.37811204  9.203
 88 175.391395  64.730449     3.708     3.337  6 55283.37813267  7.723
 89 175.392420  64.724638     1.614     1.555  4 55318.37810194  7.186
 90 175.389516  64.731656    11.152    11.687  7 55353.37810570 18.953
 91 175.379853  64.727147     7.072     6.889  6 55388.37810266 12.888
 92 175.390532  64.729246     7.803     8.316  7 55423.37812288 28.878
 93 175.395561  64.731333     8.334     7.728  6 55458.37809491 16.564
