-168541.630    98.957     0.00    6.16
-168162.051   102.823    10.18    8.12
-167782.399   106.623    10.01   10.79
-167402.676   114.623    21.07   15.80
-167022.880   120.763    16.16   15.85
-166643.011   118.612    -5.66   16.65
-166263.070   111.091   -19.79   21.60
-165883.056    99.788   -29.74   22.27
-165502.970    87.455   -32.44   17.82
-165122.811    78.638   -23.19   12.49
-164742.580    73.438   -13.67    6.11
-164370.213    70.266    -8.52    4.15
-164003.812    68.944    -3.61    3.87
-163637.345    67.325    -4.42    3.31
-163270.811    66.138    -3.24    2.72
-162904.210    66.588     1.23    4.37
-162537.543    72.861    17.11   15.80
-162170.808    78.225    14.62   18.50
-161804.007    83.517    14.43   17.08
-161437.138    89.455    16.18   15.16
-161070.202    95.103    15.39   13.04
-160703.200   101.277    16.82   11.58
-160336.130   106.767    14.95   10.42
-159968.993   106.059    -1.93    9.97
-159601.789   105.161    -2.45    9.72
-159234.518   106.312     3.13   11.31
-158867.179   110.264    10.76   13.55
-158499.773   112.344     5.66   12.87
-158132.300   111.545    -2.17    9.68
-157764.760   107.987    -9.68    8.14
-157397.152   105.888    -5.71    7.72
-157029.476   104.245    -4.47    9.19
-156661.733   105.050     2.19   10.88
-156293.923   103.061    -5.41   11.33
-155926.045    98.156   -13.33   11.56
-155558.099    91.580   -17.87   12.05
-155190.086    83.243   -22.65    9.47
-154822.005    77.126   -16.62    7.09
-154453.857    73.673    -9.38    5.40
-154085.641    70.487    -8.65    5.03
-153717.356    67.674    -7.64    4.94
-153349.005    63.263   -11.97    7.00
-152980.585    58.804   -12.10    6.74
-152612.097    55.054   -10.18    4.30
-152243.542    53.195    -5.05    2.55
-151874.918    52.059    -3.08    1.65
-151506.227    51.132    -2.52    1.66
-151137.467    50.208    -2.51    1.04
-150768.640    50.002    -0.56    0.88
-150399.744    49.782    -0.60    0.61
-150030.780    49.882     0.27    0.61
-149661.748    49.650    -0.63    0.68
-149292.648    49.556    -0.25    0.81
-148923.479    49.688     0.36    0.90
-148554.242    49.777     0.24    0.97
-148184.937    49.750    -0.07    1.03
-147815.563    50.463     1.93    1.32
-147446.121    50.913     1.22    1.58
-147076.611    51.824     2.47    1.78
-146707.032    52.784     2.60    1.24
-146337.385    55.674     7.82    4.86
-145967.669    58.723     8.25    5.59
-145597.884    60.419     4.59    4.58
-145228.031    60.766     0.94    3.16
-144858.109    59.847    -2.48    1.80
-144488.118    59.252    -1.61    1.68
-144118.058    59.022    -0.62    1.57
-143747.930    59.091     0.19    1.29
-143377.733    59.433     0.92    0.79
-143007.467    59.908     1.28    1.06
-142637.132    60.626     1.94    1.41
-142266.728    61.816     3.21    1.92
-141896.256    63.879     5.57    2.68
-141525.714    66.335     6.63    3.42
-141155.103    69.930     9.70    4.48
-140784.423    73.870    10.63    5.34
-140413.674    79.120    14.16    5.64
-140042.855    84.103    13.44    6.43
-139671.968    89.794    15.34    6.67
-139301.011    95.402    15.12    7.29
-138929.985   102.363    18.76    8.35
-138558.889   110.603    22.20   10.72
-138187.724   121.477    29.29   13.31
-137816.490   140.534    51.33   27.06
-137445.187   164.786    65.31   38.44
-137073.813   194.442    79.85   45.68
-136702.371   225.528    83.68   40.69
-136330.858   246.238    55.74   38.72
-135959.276   257.564    30.48   38.42
-135587.625   264.730    19.28   38.04
-135215.904   291.045    70.79   55.29
-134844.113   334.219   116.11   72.65
-134472.252   368.309    91.66   61.51
-134100.321   361.822   -17.44   59.42
-133728.321   332.223   -79.56   61.29
-133356.251   290.579  -111.91   50.83
-132984.110   267.495   -62.02   34.67
-132611.900   259.201   -22.28   20.51
-132239.620   274.566    41.27   35.84
-131867.270   302.075    73.87   48.30
-131494.850   331.943    80.19   57.38
-131122.359   358.917    72.41   57.34
-130749.799   382.180    62.43   57.00
-130377.168   416.987    93.40   64.03
-130004.467   460.033   115.49   73.56
-129631.696   494.742    93.10   62.46
-129258.854   497.505     7.41   60.46
-128885.942   472.428   -67.24   65.54
-128512.960   433.579  -104.15   57.68
-128139.907   397.826   -95.83   44.41
-127766.784   370.510   -73.20   43.13
-127393.590   351.975   -49.66   33.68
-127020.326   364.228    32.82   54.94
-126646.991   436.350   193.16  119.24
-126273.585   516.708   215.18  117.72
-125900.109   551.721    93.74   85.92
-125526.562   534.626   -45.76   93.16
-125152.944   508.987   -68.62   80.22
-124779.256   520.421    30.60   86.64
-124405.497   559.546   104.67   82.73
-124031.666   570.355    28.91   70.29
-123657.765   552.162   -48.65   82.57
-123283.793   512.045  -107.26   73.03
-122909.750   456.789  -147.71   75.17
-122535.636   415.529  -110.28   81.53
-122161.451   367.144  -129.30   73.88
-121787.195   332.802   -91.75   40.22
-121412.867   337.685    13.04   53.65
-121038.469   350.080    33.10   67.38
-120663.999   375.859    68.84   68.61
-120289.457   404.276    75.87   67.25
-119914.845   438.178    90.49   71.79
-119540.161   466.320    75.10   64.15
-119165.406   478.073    31.36   67.72
-118790.579   473.870   -11.21   75.43
-118415.681   467.149   -17.93   75.76
-118040.711   464.096    -8.14   72.57
-117665.670   477.213    34.97   67.52
-117290.557   484.428    19.24   67.38
-116915.373   499.006    38.85   67.71
-116540.117   503.777    12.71   68.74
-116164.789   483.091   -55.11   67.78
-115789.389   471.150   -31.81   65.64
-115413.917   459.014   -32.32   66.47
-115038.374   444.650   -38.25   66.80
-114662.759   421.937   -60.46   72.44
-114287.072   401.367   -54.75   63.03
-113911.313   397.731    -9.68   56.22
-113535.481   424.483    71.18   72.35
-113159.578   452.731    75.14   67.17
-112783.603   459.361    17.63   57.84
-112407.555   422.845   -97.10   80.75
-112031.436   386.999   -95.30   69.23
-111655.244   338.419  -129.12   65.43
-111278.980   286.934  -136.82   60.46
-110902.644   259.764   -72.19   59.70
-110526.235   252.406   -19.55   58.12
-110149.754   285.626    88.23   78.78
-109773.200   328.063   112.69   69.30
-109396.574   343.592    41.23   52.03
-109019.876   326.563   -45.20   57.23
-108643.104   289.626   -98.03   56.33
-108266.261   254.403   -93.46   43.61
-107889.344   231.753   -60.09   36.99
-107512.356   216.300   -40.99   30.05
-107135.294   212.121   -11.08   31.94
-106758.159   211.108    -2.69   36.73
-106380.952   223.312    32.35   43.20
-106003.672   227.553    11.24   47.83
-105626.319   214.098   -35.66   54.91
-105248.893   188.370   -68.16   53.50
-104871.394   162.144   -69.47   32.31
-104493.822   153.719   -22.31   22.59
-104116.177   169.263    41.16   40.15
-103738.459   184.855    41.28   45.57
-103360.668   184.810    -0.12   45.39
-102982.804   174.258   -27.92   39.17
-102604.866   153.483   -54.97   27.22
-102226.855   135.040   -48.79   24.82
-101848.771   127.847   -19.02   28.05
-101470.613   113.579   -37.73   26.08
-101092.382   100.370   -34.92   18.35
-100714.078    92.591   -20.56   13.00
-100335.700    88.987    -9.52    7.59
 -99957.249    87.697    -3.41    5.09
 -99578.724    88.987     3.41    4.79
 -99200.125    89.695     1.87    3.97
 -98821.453    87.416    -6.02    4.88
 -98442.707    84.373    -8.03    6.45
 -98063.888    80.539   -10.12    6.50
 -97684.994    76.831    -9.79    6.23
 -97306.027    73.918    -7.69    4.43
 -96926.986    72.546    -3.62    3.83
 -96547.871    73.412     2.28    5.66
 -96168.682    76.206     7.37    6.38
 -95789.419    79.150     7.76    5.89
 -95410.082    80.638     3.92    4.54
 -95030.671    78.769    -4.93    5.19
 -94651.186    77.777    -2.61    4.95
 -94271.627    76.045    -4.56    4.39
 -93891.993    73.781    -5.96    5.94
 -93512.286    70.536    -8.55    8.00
 -93132.504    67.235    -8.69    7.92
 -92752.647    62.955   -11.27    6.77
 -92372.717    60.068    -7.60    4.78
 -91992.711    57.905    -5.69    3.66
 -91612.632    56.185    -4.52    2.81
 -91232.478    55.013    -3.08    2.72
 -90852.249    54.903    -0.29    2.69
 -90471.946    55.465     1.48    3.05
 -90091.568    55.075    -1.03    3.19
 -89714.769    53.774    -3.45    3.40
 -89348.583    52.516    -3.44    3.36
 -88982.329    49.997    -6.88    4.98
 -88616.006    47.793    -6.02    4.91
 -88249.615    45.952    -5.02    4.74
 -87883.155    44.370    -4.32    3.92
 -87516.626    43.120    -3.41    3.30
 -87150.029    41.126    -5.44    3.59
 -86783.364    39.247    -5.13    3.08
 -86416.629    38.006    -3.38    2.51
 -86049.826    36.487    -4.14    2.95
 -85682.954    36.206    -0.76    2.88
 -85316.014    35.540    -1.81    2.88
 -84949.004    35.132    -1.11    3.00
 -84581.926    35.406     0.75    3.10
 -84214.779    35.052    -0.97    2.77
 -83847.563    34.674    -1.03    2.71
 -83480.278    33.979    -1.89    3.17
 -83112.923    32.580    -3.81    3.05
 -82745.500    30.899    -4.58    2.98
 -82378.008    29.373    -4.15    2.75
 -82010.446    28.166    -3.28    2.14
 -81642.816    27.660    -1.38    1.91
 -81275.116    26.876    -2.13    2.44
 -80907.347    26.104    -2.10    2.67
 -80539.508    24.920    -3.22    2.51
 -80171.600    24.320    -1.63    2.20
 -79803.623    23.674    -1.76    2.32
 -79435.576    22.546    -3.06    3.48
 -79067.460    21.467    -2.93    4.12
 -78699.275    19.436    -5.52    3.94
 -78331.020    17.943    -4.05    2.52
 -77962.695    18.488     1.48    3.02
 -77594.301    19.414     2.51    3.25
 -77225.837    19.615     0.54    3.20
 -76857.303    19.219    -1.07    3.49
 -76488.700    18.766    -1.23    3.63
 -76120.027    17.569    -3.25    3.85
 -75751.284    16.581    -2.68    4.01
 -75382.471    15.814    -2.08    3.65
 -75013.588    15.274    -1.46    2.77
 -74644.636    14.888    -1.05    2.00
 -74275.613    13.983    -2.45    2.28
 -73906.520    12.716    -3.43    2.59
 -73537.358    11.638    -2.92    2.14
 -73168.125    10.376    -3.42    2.38
 -72798.822     9.248    -3.06    2.59
 -72429.449     8.445    -2.17    2.45
 -72060.006     7.906    -1.46    2.07
 -71690.492     8.042     0.37    1.76
 -71320.908     8.333     0.79    1.72
 -70951.254     8.029    -0.82    1.67
 -70581.530     8.078     0.13    1.93
 -70211.735     8.362     0.77    3.09
 -69841.870     8.719     0.97    3.85
 -69471.934     8.289    -1.16    4.70
 -69101.927     7.477    -2.19    5.35
 -68731.851     5.172    -6.23    5.48
 -68361.703     2.719    -6.63    4.51
 -67991.485     0.854    -5.04    2.44
 -67621.196     0.200    -1.77    1.76
 -67250.836    -0.206    -1.09    0.86
 -66880.406    -0.339    -0.36    0.21
 -66509.905    -0.362    -0.06    0.00
 -66139.333    -0.362     0.00    0.00
 -65768.690    -0.362     0.00    0.00
 -65397.976    -0.362     0.00    0.00
 -65027.191    -0.362     0.00    0.00
 -64656.335    -0.362     0.00    0.00
 -64285.408    -0.362     0.00    0.00
 -63914.410    -0.362     0.00    0.00
 -63543.341    -0.362     0.00    0.00
 -63172.201    -0.362     0.00    0.00
 -62800.989    -0.362     0.00    0.00
 -62429.707    -0.362     0.00    0.00
 -62058.353    -0.362     0.00    0.00
 -61686.927    -0.362     0.00    0.00
 -61315.430    -0.362     0.00    0.00
 -60943.862    -0.362     0.00    0.00
 -60572.223    -0.362     0.00    0.00
 -60200.511    -0.362     0.00    0.00
 -59828.729    -0.362     0.00    0.00
 -59456.874    -0.362     0.00    0.00
 -59084.948    -0.362     0.00    0.00
 -58712.951    -0.362     0.00    0.00
 -58340.881    -0.362     0.00    0.00
 -57968.740    -0.362     0.00    0.00
 -57596.528    -0.362     0.00    0.00
 -57224.243    -0.362     0.00    0.00
 -56851.886    -0.362     0.00    0.00
 -56479.458    -0.362     0.00    0.00
 -56106.957    -0.362     0.00    0.00
 -55734.385    -0.362     0.00    0.00
 -55361.741    -0.362     0.00    0.00
 -54989.024    -0.362     0.00    0.00
 -54616.235    -0.351     0.03    0.11
 -54243.374     1.320     4.48    3.15
 -53870.441     6.379    13.57    8.33
 -53497.436    14.697    22.30   13.34
 -53124.359    25.536    29.05   18.77
 -52751.209    41.132    41.80   22.30
 -52377.986    54.729    36.43   23.61
 -52004.692    74.301    52.43   27.87
 -51631.325    94.581    54.32   30.44
 -51257.885   114.731    53.96   23.22
 -50884.373   125.672    29.29   18.86
 -50510.788   138.202    33.54   22.66
 -50137.131   154.479    43.56   37.00
 -49763.400   177.347    61.19   44.63
 -49389.598   192.899    41.60   37.27
 -49015.722   198.412    14.74   33.67
 -48641.774   196.433    -5.29   32.29
 -48267.753   187.835   -22.99   26.59
 -47893.659   192.172    11.59   33.35
 -47519.492   196.293    11.01   43.72
 -47145.252   189.271   -18.76   47.10
 -46770.939   173.873   -41.14   47.66
 -46396.553   150.672   -61.97   39.53
 -46022.094   129.052   -57.73   25.43
 -45647.562   112.155   -45.12   19.18
 -45272.956    97.113   -40.15   23.19
 -44898.278    82.511   -38.97   27.50
 -44523.526    66.264   -43.35   25.45
 -44148.701    52.913   -35.62   16.50
 -43773.802    43.457   -25.22    9.51
 -43398.830    36.738   -17.92    9.19
 -43023.785    32.758   -10.61    8.50
 -42648.666    28.206   -12.14    8.58
 -42273.474    22.699   -14.68    8.92
 -41898.208    18.024   -12.46    9.06
 -41522.869    14.235   -10.09    5.71
 -41147.456    14.728     1.31    4.65
 -40771.969    19.435    12.54    7.74
 -40396.408    29.227    26.07   13.08
 -40020.774    41.614    32.98   15.64
 -39645.066    54.899    35.36   16.69
 -39269.284    63.662    23.32   15.65
 -38893.428    66.717     8.13   16.68
 -38517.498    69.281     6.82   17.86
 -38141.494    72.251     7.90   17.18
 -37765.416    73.944     4.50   16.76
 -37389.265    70.716    -8.58   16.66
 -37013.038    60.684   -26.66   14.60
 -36636.738    51.245   -25.09   12.43
 -36260.364    42.115   -24.26   10.20
 -35883.915    35.297   -18.11    9.37
 -35507.392    31.838    -9.19    7.48
 -35130.795    33.503     4.42    8.54
 -34754.123    35.320     4.82    8.00
 -34377.377    38.217     7.69    7.64
 -34000.556    39.254     2.75    8.73
 -33623.661    36.728    -6.70    9.88
 -33246.692    35.408    -3.50   11.03
 -32869.647    34.808    -1.59   10.76
 -32492.528    32.281    -6.70   11.07
 -32115.335    25.975   -16.72   14.73
 -31738.067    16.868   -24.14   14.77
 -31360.723     8.086   -23.27    8.89
 -30983.305     4.327    -9.96    2.85
 -30605.813     5.683     3.59    3.70
 -30228.245     6.297     1.63    4.05
 -29850.602     7.346     2.78    4.31
 -29472.885     8.960     4.27    3.52
 -29095.092    10.217     3.33    3.23
 -28717.224    10.331     0.30    3.06
 -28339.281     9.422    -2.41    3.11
 -27961.263     9.256    -0.44    2.96
 -27583.170     8.368    -2.35    3.43
 -27205.001     8.320    -0.13    3.54
 -26826.757     8.626     0.81    3.98
 -26448.438     8.604    -0.06    4.24
 -26070.043     9.155     1.45    4.52
 -25691.573     9.649     1.31    5.28
 -25313.028    13.364     9.81    7.11
 -24934.407    17.138     9.97    7.07
 -24555.710    17.733     1.57    7.27
 -24176.938    16.528    -3.18    7.06
 -23798.090    13.126    -8.98    6.32
 -23419.166     9.550    -9.44    5.19
 -23040.166     6.650    -7.65    3.17
 -22661.091     5.717    -2.46    3.58
 -22281.940     5.796     0.21    4.61
 -21902.713     6.357     1.48    4.59
 -21523.410     6.995     1.68    4.23
 -21144.031     7.649     1.72    3.77
 -20764.576     7.983     0.88    3.88
 -20385.045     8.660     1.78    4.59
 -20005.438     9.235     1.52    4.10
 -19625.755    10.327     2.87    3.99
 -19245.995    12.206     4.95    3.14
 -18866.160    12.054    -0.40    3.34
 -18486.247    11.047    -2.65    4.23
 -18106.259     8.672    -6.25    4.80
 -17726.194     7.121    -4.08    4.31
 -17346.053     7.750     1.66    5.21
 -16965.835     8.121     0.98    5.04
 -16585.541     9.190     2.81    4.46
 -16205.170     9.549     0.94    4.35
 -15824.723     8.998    -1.45    4.06
 -15444.199     9.694     1.83    3.70
 -15063.598     9.626    -0.18    3.31
 -14696.631     8.626    -2.72    3.51
 -14330.593     8.155    -1.29    3.95
 -13964.485     7.525    -1.72    3.49
 -13598.307     7.195    -0.90    3.47
 -13232.059     7.945     2.05    3.12
 -12865.740     7.065    -2.40    3.39
 -12499.351     5.870    -3.26    3.47
 -12132.892     4.627    -3.39    3.57
 -11766.363     3.293    -3.64    2.61
 -11399.763     2.518    -2.11    2.63
 -11033.092     2.835     0.87    3.57
 -10666.351     3.407     1.56    3.55
 -10299.540     3.833     1.16    3.62
  -9932.658     3.728    -0.29    3.66
  -9565.706     3.304    -1.15    3.40
  -9198.682     2.638    -1.82    3.52
  -8831.589     3.216     1.57    4.47
  -8464.424     4.334     3.05    4.60
  -8097.189     3.997    -0.92    4.30
  -7729.883     5.121     3.06    4.15
  -7362.506     4.842    -0.76    4.02
  -6995.058     3.421    -3.87    2.73
  -6627.539     4.334     2.49    3.93
  -6259.949     4.963     1.71    4.70
  -5892.288     6.706     4.74    6.17
  -5524.557     7.741     2.82    6.52
  -5156.754     7.166    -1.56    6.03
  -4788.880     5.501    -4.52    5.58
  -4420.934     3.538    -5.34    3.87
  -4052.918     2.536    -2.72    2.48
  -3684.830     2.776     0.65    2.73
  -3316.671     4.357     4.29    3.65
  -2948.441     5.339     2.67    3.73
  -2580.140     6.715     3.74    3.72
  -2211.766     8.615     5.16    2.77
  -1843.322     8.410    -0.56    2.56
  -1474.806     8.709     0.81    2.58
  -1106.218     6.385    -6.31    4.24
   -737.559     3.932    -6.65    4.47
   -368.828     1.492    -6.62    3.29
     -0.026     0.718    -2.10    2.59
    368.848     2.570     5.02    3.95
    737.794     3.776     3.27    3.88
   1106.812     3.997     0.60    3.42
   1475.901     3.166    -2.25    3.25
   1845.063     1.661    -4.08    2.60
   2214.296     0.582    -2.92    1.11
   2583.602     0.385    -0.53    1.08
   2952.979     0.065    -0.87    0.81
   3322.428    -0.186    -0.68    0.47
   3691.950    -0.272    -0.23    0.29
   4061.543    -0.100     0.47    0.54
   4431.209    -0.018     0.22    0.60
   4800.947     0.328     0.94    0.94
   5170.757     1.176     2.29    1.64
   5540.639     2.327     3.11    2.04
   5910.594     3.104     2.10    2.19
   6280.621     4.081     2.64    2.26
   6650.721     4.525     1.20    2.41
   7020.893     4.121    -1.09    2.25
   7391.138     4.132     0.03    1.86
   7761.455     3.990    -0.38    1.61
   8131.844     3.424    -1.53    1.11
   8502.307     2.727    -1.88    1.54
   8872.842     2.166    -1.51    1.82
   9243.449     1.256    -2.46    1.68
   9614.130     0.523    -1.98    1.34
   9984.883     0.782     0.70    1.55
  10355.709     1.602     2.21    1.67
  10726.608     2.132     1.43    1.52
  11097.580     3.016     2.38    1.16
  11468.625     3.570     1.49    1.38
  11839.743     3.686     0.31    1.77
  12210.934     3.482    -0.55    1.83
  12582.198     2.697    -2.11    2.16
  12953.536     1.814    -2.38    2.01
  13324.946     1.149    -1.79    1.52
  13696.430     1.407     0.69    1.90
  14067.987     2.020     1.65    2.44
  14439.617     3.527     4.05    2.77
  14811.320     4.379     2.29    2.47
  15183.097     5.964     4.26    2.78
  15554.948     9.270     8.89   10.54
  15926.872    21.404    32.63   25.44
  16298.869    32.166    28.93   29.12
  16670.940    41.993    26.41   25.21
  17043.085    44.160     5.82   15.69
  17415.303    38.138   -16.18    9.65
  17787.595    30.882   -19.49   10.13
  18159.961    22.868   -21.52    9.23
  18532.401    18.031   -12.99    7.70
  18904.914    14.925    -8.34    6.88
  19277.502    14.927     0.00    6.85
  19650.163    16.029     2.96    7.76
  20022.898    19.211     8.54    8.53
  20395.707    24.320    13.71    8.64
  20768.590    28.293    10.66    6.86
  21141.548    28.615     0.86    6.20
  21514.579    23.649   -13.31   10.62
  21887.685    17.078   -17.61   11.68
  22260.865    10.442   -17.78    9.37
  22634.119     5.149   -14.18    1.87
  23007.448     5.573     1.13    2.44
  23380.850     6.149     1.54    3.10
  23754.328     7.779     4.36    3.92
  24127.879     9.340     4.18    3.56
  24501.506     9.781     1.18    3.12
  24875.206     9.826     0.12    3.14
  25248.982     8.260    -4.19    3.41
  25622.832     7.173    -2.91    2.51
  25996.756     8.593     3.80    3.74
  26370.756    11.167     6.88    4.75
  26744.830    14.851     9.85    5.10
  27118.979    19.719    13.01    6.41
  27493.202    25.539    15.55    7.37
  27867.501    30.741    13.90    7.23
  28241.875    37.193    17.23    8.51
  28616.323    43.907    17.93   12.48
  28990.847    52.482    22.90   17.28
  29365.445    62.093    25.66   21.87
  29740.119    67.693    14.95   22.41
  30114.868    69.799     5.62   20.90
  30489.692    68.849    -2.54   17.03
  30864.592    69.044     0.52   12.56
  31239.566    72.138     8.25   10.92
  31614.617    77.161    13.39    9.80
  31989.742    84.149    18.63    7.97
  32364.943    88.126    10.60    7.32
  32740.219    90.482     6.28    9.62
  33115.571    92.919     6.49   12.28
  33490.998    92.020    -2.39   14.80
  33866.501    90.357    -4.43   17.24
  34242.080    91.238     2.35   19.78
  34617.735    92.503     3.37   19.45
  34993.465   104.438    31.77   24.47
  35369.271   118.024    36.15   25.75
  35745.152   129.793    31.31   21.62
  36121.110   132.399     6.93   25.52
  36497.144   119.604   -34.03   35.84
  36873.253   110.260   -24.85   34.98
  37249.439   102.782   -19.88   30.29
  37625.700   114.088    30.05   37.44
  38002.038   133.004    50.27   42.93
  38378.452   145.757    33.88   43.56
  38754.942   144.671    -2.89   41.21
  39131.509   124.671   -53.11   46.06
  39508.151    88.560   -95.88   42.81
  39884.870    59.211   -77.91   30.14
  40261.666    37.627   -57.29   11.32
  40638.538    30.751   -18.24    7.88
  41015.486    24.418   -16.80    7.36
  41392.511    18.548   -15.57    7.47
  41769.612    11.749   -18.03    6.65
  42146.790     8.001    -9.94    5.03
  42524.045     5.272    -7.23    1.28
  42901.376     5.854     1.54    2.70
  43278.784     9.286     9.10    5.66
  43656.269    12.092     7.43    5.50
  44033.831    15.093     7.95    6.31
  44411.470    17.006     5.06    7.58
  44789.186    19.282     6.03    9.23
  45166.978    19.155    -0.34    9.20
  45544.848    18.104    -2.78    7.68
  45922.795    16.193    -5.06    5.88
  46300.818    15.000    -3.16    5.09
  46678.920    17.104     5.56    5.49
  47057.098    18.341     3.27    5.41
  47435.353    18.368     0.07    5.62
  47813.686    19.083     1.89    7.33
  48192.096    22.346     8.62   12.81
  48570.584    29.638    19.27   21.52
  48949.149    42.201    33.19   25.65
  49327.792    50.913    23.01   25.21
  49706.512    59.179    21.83   25.63
  50085.310    65.355    16.31   24.72
  50464.185    73.850    22.42   30.44
  50843.138    81.869    21.16   34.21
  51222.169    82.802     2.46   33.33
  51601.278    79.561    -8.55   25.65
  51980.464    67.277   -32.40   20.70
  52359.728    51.604   -41.33   22.87
  52739.071    38.708   -34.00   17.98
  53118.491    32.020   -17.63    7.54
  53497.989    33.948     5.08    8.39
  53877.565    41.782    20.64   12.45
  54257.220    51.626    25.93   14.11
  54636.952    59.341    20.32   15.96
  55016.763    73.684    37.76   29.74
  55396.652    92.978    50.79   47.81
  55776.620   123.856    81.27   63.52
  56156.665   155.660    83.69   71.33
  56536.790   188.166    85.52   66.66
  56916.992   201.352    34.68   50.38
  57297.273   197.471   -10.21   39.37
  57677.633   178.504   -49.87   44.52
  58058.071   142.060   -95.80   43.71
  58438.588   112.885   -76.68   33.06
  58819.184   103.374   -24.99   24.40
  59199.858   111.683    21.83   30.77
  59580.611   130.094    48.36   34.78
  59952.374   142.854    34.32   33.31
  60318.189   143.956     3.01   40.41
  60684.076   141.571    -6.52   46.22
  61050.035   139.025    -6.96   45.33
  61416.065   128.143   -29.73   44.89
  61782.168    97.456   -83.83   56.48
  62148.342    60.692  -100.40   56.34
  62514.589    25.161   -97.02   28.43
  62880.907    12.486   -34.60    8.95
  63247.298     9.885    -7.10    0.76
  63613.761    10.132     0.67    1.21
  63980.296    10.469     0.92    1.67
  64346.903    11.471     2.73    2.79
  64713.583    13.044     4.29    4.44
  65080.335    14.593     4.22    4.70
  65447.159    15.187     1.62    4.60
  65814.055    15.126    -0.17    4.53
  66181.024    13.996    -3.08    3.63
  66548.066    12.987    -2.75    2.62
  66915.180    12.464    -1.42    2.54
  67282.367    12.227    -0.65    2.63
  67649.626    11.913    -0.86    2.60
  68016.958    11.444    -1.27    2.50
  68384.362    11.393    -0.14    2.41
  68751.840    11.831     1.19    2.47
  69119.390    12.388     1.51    2.67
  69487.013    12.888     1.36    2.70
  69854.709    14.155     3.45    2.29
  70222.477    15.220     2.90    2.24
  70590.319    15.952     1.99    2.75
  70958.234    16.077     0.34    2.47
  71326.221    17.040     2.62    2.57
  71694.282    18.388     3.66    2.36
  72062.416    19.365     2.65    2.29
  72430.623    20.407     2.83    1.91
  72798.903    21.693     3.49    1.85
  73167.257    22.187     1.34    1.89
  73535.684    22.975     2.14    1.98
  73904.184    23.771     2.16    1.93
  74272.758    24.573     2.17    1.85
  74641.405    25.350     2.11    2.25
  75010.125    26.160     2.19    2.01
  75378.919    26.014    -0.39    2.15
  75747.787    26.197     0.50    2.07
  76116.728    26.327     0.35    2.20
  76485.743    26.160    -0.46    2.35
  76854.832    25.891    -0.73    2.39
  77223.994    25.539    -0.95    2.39
  77593.230    24.402    -3.08    2.24
  77962.540    23.132    -3.44    1.82
  78331.924    23.000    -0.36    1.70
  78701.381    22.737    -0.71    2.20
  79070.913    21.385    -3.66    3.14
  79440.519    19.593    -4.85    3.41
  79810.198    18.388    -3.26    2.87
  80179.952    16.905    -4.01    1.77
  80549.780    16.605    -0.81    1.65
  80919.682    16.568    -0.10    1.35
  81289.659    16.899     0.89    1.37
  81659.709    17.671     2.09    1.59
  82029.834    18.323     1.76    1.34
  82400.033    18.464     0.38    1.37
  82770.307    18.132    -0.90    1.81
  83140.655    18.337     0.55    2.17
  83511.078    18.293    -0.12    2.43
  83881.575    18.051    -0.65    2.62
  84252.147    17.263    -2.13    2.56
  84622.793    16.261    -2.70    2.22
  84993.514    16.115    -0.39    2.19
  85364.310    16.877     2.05    2.53
  85735.180    17.979     2.97    2.98
  86106.125    18.704     1.95    3.24
  86477.146    19.488     2.11    3.47
  86848.241    20.616     3.04    3.82
  87219.411    21.718     2.97    4.13
  87590.656    23.066     3.63    3.95
  87961.976    25.339     6.12    3.16
  88333.371    26.996     4.46    3.43
  88704.841    27.945     2.55    3.34
  89076.386    28.702     2.04    3.46
  89448.007    29.956     3.37    2.97
  89819.702    31.344     3.74    3.26
  90191.474    33.216     5.03    3.31
  90563.320    34.595     3.71    2.76
  90935.242    35.038     1.19    2.43
  91307.239    34.831    -0.56    2.99
  91679.312    35.594     2.05    3.81
  92051.460    38.286     7.23    6.08
  92423.684    42.520    11.37    7.18
  92795.983    48.638    16.43    7.64
  93168.359    54.127    14.74   10.97
  93540.809    62.022    21.20   14.60
  93913.336    71.496    25.44   16.87
  94285.938    79.638    21.85   14.34
  94658.617    85.366    15.37   14.96
  95031.371    88.266     7.78   15.51
  95404.201    86.975    -3.46   13.71
  95777.107    83.797    -8.52   10.35
  96150.089    78.821   -13.34    6.01
  96523.147    77.016    -4.84    5.26
  96896.281    77.240     0.60    5.63
  97269.492    78.803     4.19    6.95
  97642.779    82.160     8.99    7.22
  98016.142    85.939    10.12    7.81
  98389.581    91.573    15.09   10.17
  98763.096    98.681    19.03   13.00
  99136.688   105.475    18.19   13.43
  99510.357   111.823    16.99   14.34
  99884.102   118.681    18.35   15.48
 100257.923   124.138    14.60   16.74
 100631.821   131.127    18.69   15.94
 101005.796   136.051    13.17   16.01
 101379.847   143.504    19.93   15.87
 101753.975   147.399    10.41   14.40
 102128.180   154.827    19.85   13.16
 102502.462   165.160    27.61   18.32
 102876.821   180.693    41.50   25.18
 103251.256   198.453    47.43   31.47
 103625.769   217.504    50.87   34.32
 104000.358   236.799    51.51   38.45
 104375.024   264.997    75.27   47.95
 104749.768   301.287    96.85   60.81
 105124.589   324.431    61.75   49.51
 105499.487   317.229   -19.21   46.04
 105874.462   290.835   -70.39   59.62
 106249.514   250.702  -107.02   51.88
 106624.644   223.556   -72.37   24.11
 106999.851   222.660    -2.39   19.19
 107375.136   234.766    32.26   26.30
 107750.498   243.073    22.13   25.95
 108125.938   241.568    -4.01   29.25
 108501.455   230.323   -29.95   30.26
 108877.050   218.045   -32.69   19.26
 109252.722   222.475    11.79   21.90
 109628.473   240.382    47.66   31.21
 110004.301   255.540    40.34   31.35
 110380.206   269.388    36.84   32.52
 110756.190   287.936    49.34   41.86
 111132.252   298.211    27.33   45.91
 111508.391   305.585    19.61   38.95
 111884.609   314.671    24.15   32.56
 112260.904   338.541    63.44   40.96
 112637.278   374.782    96.30   53.41
 113013.730   429.910   146.45   65.85
 113390.260   472.871   114.11   55.38
 113766.868   493.660    55.20   38.13
 114143.555   494.143     1.28   38.25
 114520.320   469.725   -64.82   44.91
 114897.163   444.638   -66.58   36.27
 115274.085   423.487   -56.12   33.09
 115651.085   410.792   -33.68   35.60
 116028.164   410.446    -0.92   41.87
 116405.321   417.527    18.77   45.85
 116782.557   430.319    33.91   52.00
 117159.871   449.263    50.21   58.04
 117537.265   467.154    47.41   65.24
 117914.737   477.956    28.62   63.91
 118292.288   464.297   -36.18   61.75
 118669.918   437.316   -71.46   65.78
 119047.627   396.595  -107.82   53.71
 119425.414   375.077   -56.96   34.98
 119803.281   364.606   -27.72   27.02
 120181.227   372.022    19.63   34.93
 120559.252   374.692     7.06   35.62
 120937.356   370.404   -11.34   31.24
 121315.539   359.910   -27.75   29.16
 121693.802   356.638    -8.65   27.98
 122072.144   353.656    -7.88   27.89
