# NaN NaN NaN ;Mean Elev.(m), Avg Gradient(m/km), RMS Gradient(m/km) - SRTM1     
#  -11.203   7.237  41.453 ;Mean Elev.(m), Avg Gradient(m/km), RMS Gradient(m/km) - ASTER GDEM
#   11.010   7.067  40.529 ;Mean Elev.(m), Avg Gradient(m/km), RMS Gradient(m/km) - GMTED2010 
  8 173.202773  65.507891     8.430     8.430  2 52486.38241319 21.929
  9 173.205418  65.509543     6.568     6.568  2 52521.38238148 27.711
 10 173.190082  65.502819     6.868     6.868  2 52556.38243167 43.783
 11 173.199856  65.504386     7.319     7.319  2 52591.38242388 16.940
 13 173.200516  65.505688    10.850    10.850  2 52661.38238832  9.265
 14 173.190871  65.501500     9.793     9.793  2 52696.38236612  9.316
 15 173.206856  65.507010    10.106    10.106  2 52731.38239317  7.089
 16 173.206596  65.508516     7.741     6.605  3 52766.38240303 28.438
 17 173.190849  65.501583    11.634    11.707  3 52801.38240341 17.250
 20 173.203270  65.508705     6.455     6.455  2 52906.38250668 43.607
 23 173.199896  65.505505    11.585    11.585  2 53011.38248947  9.538
 24 173.192800  65.501007     6.389     6.389  2 53046.38245380  9.830
 26 173.188563  65.502003    10.903    10.903  2 53116.38245901  7.460
 32 173.203398  65.508402     6.257     6.257  2 53326.38248520 19.250
 33 173.210770  65.508612     8.456     8.456  2 53361.38244239  9.732
 34 173.192234  65.503275     7.719     7.719  2 53396.38246197  6.511
 35 173.208149  65.510173     9.597     9.597  2 53431.38245480  6.195
 36 173.192070  65.501759     9.356     9.548  3 53466.38248552  4.538
 41 173.190238  65.501171   145.299   139.435  3 53641.38248796  2.863
 43 173.213458  65.508691     6.224     6.224  2 53711.38243744 19.497
 44 173.189545  65.502140     6.513     6.513  2 53746.38234775 12.733
 45 173.205170  65.506134    11.732    11.732  2 53781.38237923  8.821
 46 173.216554  65.511449    10.926    11.566  3 53816.38234748  6.261
 47 173.190411  65.501424     8.545     8.545  2 53851.38241554  5.091
 49 173.194377  65.500952    12.133    12.133  2 53921.38249361 14.705
 52 173.193437  65.502313     6.192     6.192  2 54026.38247572 28.703
 53 173.205238  65.507267     8.205     8.205  2 54061.38246955 16.133
 54 173.209045  65.508984    10.842    10.842  2 54096.38244250  9.590
 55 173.191943  65.501155     8.928     8.928  2 54131.38239014  7.150
 56 173.203449  65.508228    14.445    14.445  2 54166.38241493  5.412
 57 173.193390  65.502670     8.398     8.398  2 54201.38239348  5.555
 59 173.201771  65.506982    10.799    10.799  2 54271.38245079 29.304
 63 173.201661  65.506188     6.016     6.016  2 54411.38238109 32.645
 64 173.192241  65.501731     6.363     6.363  2 54446.38235159 19.913
 66 173.192773  65.503246     7.277     7.277  2 54516.38236596  9.825
 67 173.205931  65.508213    15.132    15.132  2 54551.38238605 11.094
 70 173.200354  65.505198    13.904    13.904  2 54656.38239068 14.269
 71 173.202682  65.508299     7.904     7.904  2 54691.38237572 36.929
 73 173.201067  65.505677     6.470     6.470  2 54761.38235203 29.442
 74 173.189650  65.501718     6.057     6.057  2 54796.38233511 16.410
 76 173.193991  65.501838    13.529    13.529  2 54866.38233033  6.886
 77 173.203486  65.507462     9.617     9.617  2 54901.38235172  5.846
 81 173.201456  65.505729     9.292     9.292  2 55041.38236123 25.279
 82 173.205192  65.508069    10.249     9.517  3 55076.38234248 28.056
 83 173.197317  65.502232     6.536     6.536  2 55111.38229317 43.023
 85 173.192428  65.500810     7.617     7.617  2 55181.38227135  8.367
 86 173.203763  65.505724    11.049    11.049  2 55216.38229022  7.356
 87 173.196549  65.502603    10.184    10.184  2 55251.38226810  6.411
 88 173.206143  65.506845    10.800    10.800  2 55286.38228413  6.041
 89 173.199967  65.505634     6.459     6.459  2 55321.38225852 20.618
 92 173.201552  65.505281     8.155     8.155  2 55426.38227504 16.236
