# NaN NaN NaN ;Mean Elev.(m), Avg Gradient(m/km), RMS Gradient(m/km) - SRTM1     
#  -12.388  -0.313   3.261 ;Mean Elev.(m), Avg Gradient(m/km), RMS Gradient(m/km) - ASTER GDEM
#    1.884   0.076   1.168 ;Mean Elev.(m), Avg Gradient(m/km), RMS Gradient(m/km) - GMTED2010 
  7     9.725 52443.98632695 40.66 173.651444  65.004592 38.635
  7     9.410 52443.98632759 40.43 173.648474  65.001482 38.635
  7     9.134 52443.98632824 39.94 173.645494  64.998372 38.635
  7     9.302 52443.98632888 39.30 173.642515  64.995268 36.360
  8     3.847 52478.98632091 15.56 173.653273  65.003015 27.468
  8     3.205 52478.98632155 17.39 173.650293  64.999905 27.468
  8     4.601 52478.98632220 17.41 173.647323  64.996805 27.468
  8     4.863 52478.98632284 23.11 173.644343  64.993695 27.468
  9     2.350 52513.98626573 19.12 173.657036  65.004419 35.754
  9     1.440 52513.98626637 18.54 173.654056  65.001309 35.754
  9     0.820 52513.98626702 20.85 173.651086  64.998199 35.754
  9    -1.020 52513.98626766 43.64 173.648106  64.995099 35.754
 10     3.329 52548.98631037 20.61 173.664669  64.999545 22.753
 10    -0.207 52548.98631101 22.57 173.661689  64.996435 22.753
 10     2.825 52548.98631166 19.51 173.658709  64.993335 22.753
 11     0.315 52583.98630124 29.73 173.664253  65.003690  6.749
 11     0.341 52583.98630189 31.21 173.661283  65.000590  6.749
 11     0.343 52583.98630253 31.36 173.658303  64.997480  6.749
 11     0.442 52583.98630318 30.99 173.655323  64.994370  6.749
 12     0.725 52618.98627807 16.60 173.646809  65.005843  2.966
 12     2.079 52618.98627871 16.63 173.643829  65.002733  2.966
 12     1.353 52618.98627936 16.61 173.640859  64.999633  2.966
 12     1.167 52618.98628000 17.43 173.637879  64.996523  2.966
 13     1.461 52653.98625963 14.11 173.668197  64.998458  2.935
 13     1.275 52653.98626028 14.54 173.665227  64.995358  2.935
 13     0.700 52653.98626092 14.35 173.662247  64.992248  2.935
 14     0.921 52688.98625617 13.89 173.649112  65.004909  2.589
 14     1.036 52688.98625682 13.55 173.646132  65.001809  2.589
 14     0.819 52688.98625746 14.22 173.643162  64.998699  2.589
 14     1.863 52688.98625811 14.01 173.640182  64.995589  2.589
 15     1.074 52723.98630152 12.36 173.660139  65.001858  2.035
 15     2.632 52723.98630217 11.75 173.657159  64.998758  2.035
 15     2.357 52723.98630281 12.37 173.654179  64.995648  2.035
 15     2.226 52723.98630345 11.56 173.651209  64.992538  2.035
 16     1.191 52758.98632129 11.29 173.641432  65.006963  2.391
 16     1.780 52758.98632193 11.49 173.638452  65.003863  2.391
 16     2.231 52758.98632258 11.39 173.635482  65.000753  2.391
 16     1.758 52758.98632322 11.33 173.632502  64.997643  2.391
 17     4.072 52793.98627621 18.58 173.670020  64.997068 28.990
 17     3.810 52793.98627686 21.12 173.667040  64.993958 28.990
 17     4.798 52793.98627750 24.44 173.664060  64.990858 28.990
 18     3.446 52828.98634377 15.02 173.670187  64.996150 24.906
 18     4.213 52828.98634441 17.46 173.667207  64.993040 24.906
 18     4.268 52828.98634506 25.48 173.664227  64.989940 24.906
 19     1.980 52863.98638853 18.39 173.667193  64.996404 27.106
 19     4.640 52863.98638918 17.18 173.664223  64.993294 27.106
 19     4.418 52863.98638982 26.15 173.661243  64.990194 27.106
 20     3.998 52898.98641665 22.76 173.654283  65.005075 26.138
 20     3.260 52898.98641730 20.76 173.651303  65.001965 26.138
 20     2.573 52898.98641794 22.39 173.648323  64.998855 26.138
 20     4.791 52898.98641858 20.69 173.645353  64.995755 26.138
 21     0.283 52933.98636081 37.43 173.647170  65.007679 20.889
 21     0.325 52933.98636145 40.74 173.644190  65.004569 20.889
 21     0.306 52933.98636210 42.43 173.641220  65.001469 20.889
 21     0.301 52933.98636274 38.68 173.638240  64.998359 20.889
 22     0.982 52968.98637453 21.66 173.663469  64.998748  4.364
 22     1.528 52968.98637517 21.96 173.660499  64.995648  4.364
 22     1.589 52968.98637582 22.41 173.657519  64.992538  4.364
 23     0.588 53003.98639406 15.19 173.652367  65.004867  2.710
 23     0.682 53003.98639471 15.34 173.649387  65.001767  2.710
 23     0.998 53003.98639535 15.34 173.646407  64.998657  2.710
 23     2.048 53003.98639600 15.05 173.643437  64.995557  2.710
 24     0.246 53038.98634282 13.44 173.645798  65.007752  2.529
 24     1.445 53038.98634347 13.03 173.642818  65.004642  2.529
 24     1.086 53038.98634411 13.55 173.639838  65.001542  2.529
 24     1.660 53038.98634476 13.57 173.636868  64.998432  2.529
 25     3.263 53073.98637262 11.91 173.654955  65.004584  2.487
 25     1.033 53073.98637326 12.12 173.651985  65.001474  2.487
 25     2.439 53073.98637391 12.70 173.649005  64.998374  2.487
 25     0.543 53073.98637455 12.82 173.646025  64.995264  2.487
 26     0.535 53108.98634293 18.04 173.644000  65.008244  5.709
 26     0.397 53108.98634357 22.12 173.641020  65.005144  5.709
 26     0.429 53108.98634422 18.33 173.638040  65.002034  5.709
 26    -0.045 53108.98634486 17.12 173.635070  64.998924  5.709
 27     3.176 53143.98638283 30.18 173.663462  65.003218 23.534
 27     3.161 53143.98638347 23.53 173.660482  65.000108 23.534
 27     1.822 53143.98638412 25.44 173.657502  64.997008 23.534
 27     2.771 53143.98638476 26.74 173.654532  64.993898 23.534
 28     3.203 53178.98640001 36.03 173.662701  65.003652 35.607
 28     2.976 53178.98640065 26.86 173.659731  65.000542 35.607
 28     2.986 53178.98640130 22.96 173.656751  64.997442 35.607
 28     3.198 53178.98640194 36.03 173.653771  64.994332 35.607
 29     4.055 53213.98642150 25.05 173.657428  65.003705 32.916
 29     0.778 53213.98642214 19.94 173.654448  65.000595 32.916
 29     2.491 53213.98642279 20.55 173.651468  64.997495 32.916
 29     4.773 53213.98642343 19.35 173.648498  64.994385 32.916
 30     3.849 53248.98639112 18.45 173.650728  65.004342 26.189
 30     3.398 53248.98639177 17.95 173.647758  65.001242 26.189
 30     3.094 53248.98639241 19.50 173.644778  64.998132 26.189
 30     3.708 53248.98639305 25.44 173.641808  64.995032 26.189
 31     3.686 53283.98638538 20.63 173.664196  65.000519 20.109
 31     3.472 53283.98638603 19.13 173.661216  64.997409 20.109
 31     4.787 53283.98638667 18.90 173.658246  64.994309 20.109
 31     4.927 53283.98638732 29.88 173.655266  64.991199 20.109
 33     0.572 53353.98634492 21.13 173.653812  65.001839  4.792
 33     0.765 53353.98634557 21.09 173.650842  64.998739  4.792
 33     0.672 53353.98634621 21.46 173.647862  64.995629  4.792
 34     0.247 53388.98634605 15.61 173.666287  64.998346  3.666
 34     0.237 53388.98634669 15.92 173.663307  64.995236  3.666
 34     0.379 53388.98634734 16.81 173.660327  64.992136  3.666
 35     0.653 53423.98634488 12.59 173.660731  65.001461  2.934
 35     0.704 53423.98634553 12.14 173.657751  64.998351  2.934
 35     0.659 53423.98634617 12.39 173.654781  64.995251  2.934
 35     0.869 53423.98634681 12.33 173.651801  64.992141  2.934
 36     2.092 53458.98635064 10.92 173.669953  64.996129  2.843
 36     2.550 53458.98635129 10.64 173.666973  64.993019  2.843
 36     3.183 53458.98635193 10.80 173.664003  64.989919  2.843
 37     0.427 53493.98643465 30.22 173.656837  65.004808 19.863
 37     0.218 53493.98643529 40.59 173.653867  65.001708 19.863
 37     0.288 53493.98643594 26.52 173.650887  64.998598 19.863
 37     0.060 53493.98643658 23.53 173.647907  64.995488 19.863
 38     4.307 53528.98641147 27.09 173.662087  65.001621 34.063
 38     4.219 53528.98641212 25.87 173.659107  64.998511 34.063
 38     4.489 53528.98641276 25.37 173.656137  64.995411 34.063
 38     4.627 53528.98641341 34.43 173.653157  64.992301 34.063
 39     4.134 53563.98644162 22.94 173.649111  65.005087 32.443
 39     2.954 53563.98644226 23.02 173.646131  65.001977 32.443
 39     3.265 53563.98644291 22.36 173.643161  64.998877 32.443
 39     1.470 53563.98644355 40.19 173.640181  64.995767 32.443
 40     2.061 53598.98638270 51.10 173.655706  65.004911 41.594
 40     2.068 53598.98638334 52.55 173.652726  65.001801 41.594
 40     2.180 53598.98638399 52.23 173.649746  64.998701 41.594
 40     2.077 53598.98638463 53.41 173.646776  64.995591 41.594
 41     3.631 53633.98637971 18.61 173.663451  64.998588 23.376
 41     4.297 53633.98638036 18.68 173.660471  64.995488 23.376
 41     4.975 53633.98638100 26.65 173.657491  64.992378 23.376
 42     0.264 53668.98640113 40.75 173.655178  65.002362 20.597
 42     0.244 53668.98640177 43.68 173.652198  64.999252 20.597
 42     0.222 53668.98640242 42.72 173.649218  64.996142 20.597
 43     0.683 53703.98634122 31.27 173.658239  65.002591  8.026
 43     0.631 53703.98634186 27.12 173.655259  64.999481  8.026
 43     0.287 53703.98634251 21.68 173.652279  64.996381  8.026
 43     0.298 53703.98634315 18.31 173.649309  64.993271  8.026
 44     0.764 53738.98625030 11.99 173.645977  65.004946  2.484
 44     0.737 53738.98625094 12.36 173.642997  65.001846  2.484
 44     0.859 53738.98625159 12.58 173.640027  64.998736  2.484
 44     0.447 53738.98625223 13.01 173.637049  64.995625  2.404
 45     0.752 53773.98626844 12.50 173.664769  64.997826  2.557
 45     0.725 53773.98626909 11.72 173.661799  64.994716  2.557
 45     0.711 53773.98626973 12.03 173.658819  64.991606  2.557
 48     0.351 53878.98632361 28.47 173.663328  64.997685 32.808
 48     2.611 53878.98632425 27.92 173.660358  64.994575 32.808
 48     4.868 53878.98632490 27.23 173.657378  64.991465 32.808
 49     4.091 53913.98637719 22.66 173.655773  65.004870 30.455
 49     3.847 53913.98637783 20.23 173.652803  65.001770 30.455
 49     3.383 53913.98637848 20.86 173.649823  64.998660 30.455
 49     4.954 53913.98637912 21.91 173.646843  64.995550 30.455
 50     4.471 53948.98638897 22.00 173.649877  65.006306 31.415
 50     0.304 53948.98638962 22.81 173.646897  65.003196 31.415
 50     0.682 53948.98639026 24.76 173.643927  65.000096 31.415
 50     3.382 53948.98639091 23.39 173.640947  64.996986 31.415
 51     3.890 53983.98632911 20.34 173.649623  65.003899 28.460
 51     2.928 53983.98632976 21.37 173.646643  65.000799 28.460
 51     3.355 53983.98633040 22.55 173.643673  64.997689 28.460
 51     3.888 53983.98633105 26.92 173.640693  64.994579 28.460
 52    -0.568 54018.98636263 35.99 173.665330  64.996964 34.612
 52    -0.379 54018.98636328 37.38 173.662350  64.993854 34.612
 52     2.965 54018.98636392 37.61 173.659370  64.990744 34.612
 53     1.579 54053.98635389 18.42 173.664931  64.996799  3.477
 53     2.243 54053.98635454 17.58 173.661951  64.993689  3.477
 53     2.728 54053.98635518 17.81 173.658981  64.990579  3.477
 54     0.918 54088.98634481 14.65 173.652960  65.002328  2.748
 54     1.740 54088.98634546 14.79 173.649980  64.999228  2.748
 54     1.946 54088.98634610 15.51 173.647010  64.996118  2.748
 55     1.901 54123.98626764 13.34 173.670362  64.998430  2.956
 55     1.911 54123.98626828 13.61 173.667392  64.995320  2.956
 55     2.515 54123.98626892 13.53 173.664412  64.992210  2.956
 55     2.573 54123.98626957 14.59 173.661432  64.989110  2.956
 56     3.746 54158.98630899 10.65 173.660112  65.004670  2.294
 56     1.772 54158.98630964 10.86 173.657132  65.001570  2.294
 56     2.430 54158.98631028 11.03 173.654152  64.998460  2.294
 56     2.372 54158.98631093 11.08 173.651182  64.995350  2.294
 57     2.736 54193.98627039  8.87 173.668293  64.998634  2.475
 57     2.632 54193.98627104  8.76 173.665323  64.995534  2.475
 57     2.835 54193.98627168  8.57 173.662343  64.992424  2.475
 58     3.869 54228.98632107 14.78 173.662770  65.004207 10.506
 58     1.382 54228.98632171 13.78 173.659795  65.001105 14.437
 58     2.584 54228.98632236 10.73 173.656815  64.997995 14.437
 58     2.853 54228.98632300 14.00 173.653845  64.994895 14.437
 59     3.592 54263.98633986 20.28 173.661191  65.001699 36.037
 59     3.559 54263.98634050 18.71 173.658217  64.998597 31.247
 59     4.625 54263.98634114 20.09 173.655237  64.995487 31.247
 59     4.960 54263.98634179 26.15 173.652257  64.992387 31.247
 60     0.118 54298.98634371 18.98 173.660484  65.001764 33.391
 60     0.671 54298.98634436 20.79 173.657504  64.998654 33.391
 60     2.502 54298.98634500 19.41 173.654524  64.995544 33.391
 60     1.064 54298.98634565 32.92 173.651550  64.992440 31.009
 61     3.979 54333.98633386 20.68 173.655536  65.004225 29.230
 61     3.319 54333.98633451 17.80 173.652556  65.001121 27.181
 61     2.747 54333.98633515 19.45 173.649576  64.998011 27.181
 61     4.840 54333.98633580 20.40 173.646606  64.994911 27.181
 63     0.038 54403.98627760 38.07 173.657329  65.004100 14.778
 63     0.207 54403.98627824 39.84 173.654349  65.001000 14.778
 63     0.408 54403.98627889 38.22 173.651379  64.997890 14.778
 63     0.224 54403.98627953 36.69 173.648399  64.994780 14.778
 64     0.520 54438.98623551 24.26 173.670826  64.997536  5.502
 64     0.628 54438.98623616 22.96 173.667856  64.994436  5.502
 64     0.553 54438.98623680 22.83 173.664872  64.991328  7.234
 65     0.421 54473.98626425 15.73 173.663530  65.000764  2.714
 65     1.734 54473.98626490 15.57 173.660550  64.997654  2.714
 65     1.312 54473.98626554 16.04 173.657570  64.994544  2.714
 65     0.330 54473.98626618 16.45 173.654591  64.991441  2.888
 66     1.196 54508.98624739 12.30 173.669012  64.998852  2.688
 66     1.293 54508.98624804 12.41 173.666032  64.995742  2.688
 66     1.200 54508.98624868 11.78 173.663052  64.992642  2.688
 66     1.403 54508.98624933 12.72 173.660082  64.989532  2.688
 67     0.661 54543.98627837 10.32 173.659047  65.003001  2.374
 67     0.882 54543.98627901  9.92 173.656067  64.999901  2.374
 67     0.478 54543.98627966  9.81 173.653087  64.996791  2.374
 67     0.999 54543.98628030  9.89 173.650117  64.993681  2.374
 68     2.898 54578.98624728 10.04 173.662530  65.001086  2.160
 68     1.857 54578.98624793 10.31 173.659550  64.997986  2.160
 68     1.061 54578.98624857 10.32 173.656580  64.994876  2.160
 68     1.262 54578.98624922  9.86 173.653600  64.991776  2.160
 69     4.092 54613.98626826 28.33 173.660404  65.003588 27.874
 69     1.486 54613.98626890 26.80 173.657424  65.000488 27.874
 69     2.765 54613.98626955 25.92 173.654454  64.997378 27.874
 69     4.933 54613.98627019 28.11 173.651474  64.994268 27.874
 70     3.778 54648.98627738 19.50 173.661397  65.002247 23.497
 70     3.988 54648.98627803 15.76 173.658417  64.999137 23.497
 70     4.685 54648.98627867 16.16 173.655437  64.996037 23.497
 70     5.127 54648.98627932 24.92 173.652457  64.992927 23.497
 71     1.169 54683.98627515 34.92 173.654804  65.004066 27.413
 71     1.054 54683.98627579 23.37 173.651834  65.000966 27.413
 71     0.936 54683.98627644 23.03 173.648854  64.997856 27.413
 71     1.184 54683.98627708 39.39 173.645884  64.994756 27.413
 72     0.378 54718.98622249 47.47 173.670399  64.998800 42.253
 72     0.468 54718.98622313 47.64 173.667419  64.995690 42.253
 72     0.299 54718.98622377 49.60 173.664449  64.992580 42.253
 72     0.415 54718.98622442 47.26 173.661469  64.989480 42.253
 73     0.836 54753.98624876 42.28 173.661271  65.002486 23.258
 73     0.820 54753.98624940 47.74 173.658291  64.999376 23.258
 73     0.856 54753.98625005 44.89 173.655311  64.996266 23.258
 73     0.738 54753.98625069 41.34 173.652341  64.993166 23.258
 74     0.568 54788.98621627 20.36 173.666235  64.997251  3.460
 74     1.361 54788.98621692 19.83 173.663265  64.994141  3.460
 74     0.331 54788.98621756 20.46 173.660285  64.991031  3.460
 75     0.587 54823.98624393 14.96 173.664265  65.001736  2.771
 75     0.535 54823.98624457 14.69 173.661285  64.998626  2.771
 75     0.881 54823.98624521 14.84 173.658305  64.995516  2.771
 75     0.367 54823.98624586 15.24 173.655335  64.992416  2.771
 76     0.486 54858.98620913 12.22 173.670371  64.998180  2.410
 76     0.392 54858.98620977 12.02 173.667401  64.995080  2.410
 76     0.684 54858.98621041 12.30 173.664421  64.991970  2.410
 76     0.831 54858.98621106 12.15 173.661441  64.988870  2.410
 77     0.699 54893.98624579 10.02 173.655476  65.004271  2.184
 77     0.687 54893.98624644 10.42 173.652506  65.001161  2.184
 77     2.202 54893.98624708  9.90 173.649526  64.998051  2.184
 77     0.792 54893.98624773 10.02 173.646546  64.994951  2.184
 78     1.373 54928.98620914  9.39 173.663555  64.996983  2.296
 78     0.532 54928.98620979  9.55 173.660575  64.993873  2.296
 78     0.553 54928.98621043  9.75 173.657605  64.990773  2.296
 79     0.120 54963.98624532 32.02 173.660557  65.003286 33.214
 79     0.350 54963.98624596 37.55 173.657577  65.000186 33.214
 79     0.283 54963.98624661 45.94 173.654607  64.997076 33.214
 79     0.177 54963.98624725 44.65 173.651627  64.993976 33.214
 80     3.670 54998.98626631 21.82 173.655582  65.002232 28.732
 80     3.153 54998.98626695 19.34 173.652612  64.999122 28.732
 80     4.607 54998.98626760 20.97 173.649632  64.996012 28.732
 81     3.749 55033.98625366 23.26 173.663258  65.002809 25.881
 81     3.900 55033.98625431 16.06 173.660275  64.999708 26.814
 81     4.577 55033.98625495 15.96 173.657295  64.996598 26.814
 81     5.064 55033.98625560 19.26 173.654325  64.993498 26.814
 82     1.069 55068.98624280 42.37 173.652374  65.003230 26.428
 82     1.069 55068.98624344 38.68 173.649394  65.000120 26.428
 82     1.044 55068.98624409 33.31 173.646424  64.997010 26.428
 82     1.021 55068.98624473 32.74 173.643444  64.993910 26.428
 83     2.403 55103.98618334 23.58 173.664661  64.997062 29.230
 83     3.014 55103.98618399 22.01 173.661681  64.993952 29.230
 83     3.397 55103.98618463 30.23 173.658711  64.990852 29.230
 84     0.973 55138.98619011 33.03 173.660232  65.003340 11.919
 84     0.820 55138.98619076 35.03 173.657252  65.000230 11.919
 84     0.788 55138.98619140 33.25 173.654272  64.997120 11.919
 84     0.908 55138.98619205 31.54 173.651302  64.994020 11.919
 85     0.683 55173.98615137 24.14 173.668119  64.996852 15.846
 85     1.056 55173.98615201 30.92 173.665139  64.993742 15.846
 85     1.234 55173.98615266 32.99 173.662159  64.990642 15.846
 86     0.716 55208.98618470 15.46 173.663680  65.003892  2.839
 86     1.589 55208.98618534 15.69 173.660710  65.000792  2.839
 86     1.671 55208.98618599 15.89 173.657730  64.997682  2.839
 86     1.371 55208.98618663 16.13 173.654750  64.994572  2.839
 87     1.021 55243.98615711 13.14 173.663547  64.997095  2.504
 87     0.733 55243.98615775 13.13 173.660567  64.993995  2.504
 87     0.765 55243.98615840 13.18 173.657597  64.990885  2.504
 88     1.364 55278.98617885 11.14 173.654419  65.003386  2.272
 88     0.947 55278.98617950 11.04 173.651449  65.000276  2.272
 88     0.543 55278.98618014 11.61 173.648469  64.997166  2.272
 88     1.190 55278.98618078 11.11 173.645489  64.994066  2.272
 89     0.967 55313.98614240  9.51 173.661558  65.002295  2.355
 89     0.828 55313.98614304  9.58 173.658578  64.999195  2.355
 89     2.264 55313.98614369  9.71 173.655598  64.996085  2.355
 89     0.647 55313.98614433 10.14 173.652628  64.992985  2.355
 90     3.831 55348.98614977 26.31 173.655320  65.002230 32.794
 90     3.620 55348.98615042 21.54 173.652340  64.999120 32.794
 90     4.200 55348.98615106 23.09 173.649370  64.996020 32.794
 91     3.575 55383.98614194 16.70 173.665519  64.999635 30.612
 91     2.738 55383.98614259 16.25 173.662539  64.996525 30.612
 91     4.666 55383.98614323 16.63 173.659569  64.993425 30.612
 92     3.832 55418.98616855 17.52 173.661607  65.001110 23.507
 92     3.285 55418.98616920 16.56 173.658627  64.998010 23.507
 92     4.805 55418.98616984 16.39 173.655657  64.994900 23.507
 92     4.974 55418.98617049 25.56 173.652677  64.991790 23.507
 93     3.877 55453.98614758 17.78 173.651066  65.003147 24.486
 93     4.497 55453.98614822 18.06 173.648086  65.000047 24.486
 93     4.981 55453.98614887 21.50 173.645116  64.996937 24.486
 94     0.510 55488.98606759 43.22 173.646489  65.005761 14.160
 94     0.384 55488.98606823 48.20 173.643519  65.002661 14.160
 94     0.518 55488.98606888 45.36 173.640539  64.999551 14.160
 94     0.368 55488.98606952 49.24 173.637569  64.996441 14.160
