# NaN NaN NaN ;Mean Elev.(m), Avg Gradient(m/km), RMS Gradient(m/km) - SRTM1     
#  -15.868  -0.218   2.541 ;Mean Elev.(m), Avg Gradient(m/km), RMS Gradient(m/km) - ASTER GDEM
#    8.499  -0.063   3.025 ;Mean Elev.(m), Avg Gradient(m/km), RMS Gradient(m/km) - GMTED2010 
  8     5.029 52486.38233100 20.44 173.590557  65.112531 13.462
  8     5.850 52486.38233164 14.59 173.587557  65.115631 13.462
  8     4.870 52486.38233229 11.57 173.584557  65.118741 13.462
  9     5.800 52521.38229929 23.55 173.593159  65.114184 21.344
  9     0.351 52521.38229993 25.61 173.590159  65.117284 21.344
  9     0.075 52521.38230058 25.44 173.587159  65.120394 21.344
 10     0.519 52556.38234818 47.52 173.583935  65.101286 28.428
 10     0.485 52556.38234883 45.80 173.580935  65.104386 28.428
 10     0.493 52556.38234947 46.75 173.577935  65.107486 28.428
 10     0.364 52556.38235012 51.78 173.574935  65.110596 28.428
 11    -0.048 52591.38234169 25.16 173.587582  65.109038  4.726
 11     0.004 52591.38234233 25.12 173.584582  65.112138  4.726
 11     0.001 52591.38234298 24.46 173.581582  65.115248  4.726
 13     2.941 52661.38230613 14.37 173.588305  65.110347  3.063
 13     0.773 52661.38230677 15.12 173.585295  65.113447  3.063
 13     0.753 52661.38230741 14.22 173.582295  65.116547  3.063
 14     1.814 52696.38228263 15.73 173.584845  65.099982  3.516
 14     0.597 52696.38228328 16.21 173.581845  65.103082  3.516
 14     0.992 52696.38228392 14.72 173.578845  65.106182  3.516
 14     1.075 52696.38228457 13.97 173.575845  65.109292  3.516
 14     0.824 52696.38228521 14.90 173.572845  65.112392  3.516
 15     0.311 52731.38231098 13.33 173.594665  65.111664  2.287
 15     0.542 52731.38231162 12.95 173.591665  65.114774  2.287
 15     0.461 52731.38231227 12.74 173.588665  65.117874  2.287
 15     0.381 52731.38231291 12.84 173.585665  65.120984  2.287
 16     6.606 52766.38232116 22.62 173.592713  65.114694 16.368
 16     5.141 52766.38232180 20.68 173.589713  65.117794 16.368
 16     4.746 52766.38232245 17.22 173.586713  65.120894 16.368
 17     4.452 52801.38232024 30.68 173.583311  65.101613 27.916
 17     4.479 52801.38232089 26.09 173.580311  65.104713 27.916
 17     4.527 52801.38232153 20.05 173.577311  65.107823 27.916
 17     4.276 52801.38232218 17.99 173.574307  65.110930  8.821
 18     4.840 52836.38238699 26.85 173.587234  65.103993 36.332
 18     4.565 52836.38238763 25.66 173.584234  65.107093 36.332
 18     4.124 52836.38238827 21.18 173.581234  65.110203 36.332
 18     1.066 52836.38238892 22.65 173.578234  65.113303 36.332
 19     5.051 52871.38242845 25.05 173.589152  65.108574 36.150
 19     5.339 52871.38242910 20.86 173.586152  65.111674 36.150
 19     4.043 52871.38242974 24.05 173.583152  65.114784 36.150
 19     0.719 52871.38243039 38.31 173.580152  65.117884 36.150
 20     5.007 52906.38242449 23.26 173.591086  65.113354 30.770
 20     4.810 52906.38242513 16.98 173.588086  65.116454 30.770
 20     1.097 52906.38242578 41.08 173.585086  65.119554 30.770
 23     3.031 53011.38240663 14.37 173.590636  65.107056  3.412
 23     2.696 53011.38240727 15.04 173.587636  65.110156  3.412
 23     1.395 53011.38240792 14.44 173.584636  65.113266  3.412
 23     1.214 53011.38240856 14.55 173.581636  65.116366  3.412
 24     4.130 53046.38237096 11.89 173.583659  65.102572  2.728
 24     4.173 53046.38237160 10.92 173.580659  65.105672  2.728
 24     3.531 53046.38237224 10.54 173.577659  65.108782  2.728
 24     1.130 53046.38237289 10.52 173.574659  65.111882  2.728
 25     4.551 53081.38240603  9.94 173.588730  65.107249  2.382
 25     4.356 53081.38240667 10.01 173.585730  65.110349  2.382
 25     3.869 53081.38240732  9.56 173.582730  65.113459  2.382
 25     2.775 53081.38240796  9.28 173.579730  65.116559  2.382
 26     4.660 53116.38237488  7.44 173.585441  65.097372  2.638
 26     4.646 53116.38237552  6.94 173.582441  65.100472  2.638
 26     4.473 53116.38237617  6.80 173.579451  65.103572  2.638
 26     4.105 53116.38237681  6.84 173.576451  65.106682  2.638
 26     4.052 53116.38237746  5.64 173.573441  65.109782  2.638
 27     2.229 53151.38242425 45.25 173.586322  65.104201 37.760
 27     4.647 53151.38242489 28.81 173.583322  65.107301 37.760
 27     4.249 53151.38242554 28.72 173.580322  65.110411 37.760
 27     2.401 53151.38242618 37.82 173.577322  65.113511 37.760
 28     2.525 53186.38241131 52.94 173.592889  65.111001 32.706
 28     2.668 53186.38241196 52.31 173.589889  65.114101 32.706
 28     2.628 53186.38241260 52.63 173.586889  65.117201 32.706
 28     2.488 53186.38241325 47.81 173.583889  65.120311 32.706
 29     5.274 53221.38243773 27.72 173.592874  65.111210 23.552
 29     5.229 53221.38243838 22.87 173.589874  65.114310 23.552
 29     4.926 53221.38243902 17.38 173.586874  65.117420 23.552
 30     5.060 53256.38241455 27.29 173.592801  65.113525 25.815
 30     0.184 53256.38241519 25.64 173.589811  65.116635 25.815
 30     1.203 53256.38241584 20.04 173.586811  65.119735 25.815
 31     4.346 53291.38242558 24.25 173.582817  65.095502 20.395
 31     4.165 53291.38242622 27.57 173.579827  65.098602 20.395
 31     4.205 53291.38242687 23.46 173.576827  65.101712 20.395
 31     4.049 53291.38242751 22.15 173.573827  65.104812 20.395
 31     1.044 53291.38242816 37.99 173.570824  65.107921  8.578
 32    -0.989 53326.38240301 24.15 173.591233  65.113054  4.236
 32     1.884 53326.38240365 22.14 173.588233  65.116164  4.236
 32     1.695 53326.38240430 21.75 173.585233  65.119264  4.236
 33     2.180 53361.38236084 20.13 173.595494  65.116353  3.534
 33     1.821 53361.38236148 19.11 173.592494  65.119463  3.534
 33     1.373 53361.38236213 18.03 173.589494  65.122563  3.534
 34     2.092 53396.38237849 18.70 173.586131  65.101741  4.816
 34     1.537 53396.38237913 19.66 173.583131  65.104851  4.816
 34     1.100 53396.38237978 18.57 173.580131  65.107951  4.816
 34     0.929 53396.38238042 17.86 173.577133  65.111050  3.725
 34     0.872 53396.38238106 17.33 173.574133  65.114160  3.725
 35     1.236 53431.38237260 14.66 173.595901  65.114814  3.143
 35     0.736 53431.38237325 13.83 173.592901  65.117924  3.143
 35     0.364 53431.38237389 14.67 173.589901  65.121024  3.143
 36     0.135 53466.38240236 14.98 173.584483  65.101795  3.631
 36     0.379 53466.38240300 14.89 173.581483  65.104895  3.631
 36     0.345 53466.38240365 14.70 173.578480  65.108003  3.168
 36     0.467 53466.38240429 13.48 173.575480  65.111103  3.168
 37     5.468 53501.38245928 13.41 173.588140  65.103683  9.139
 37     5.505 53501.38245992 14.14 173.585140  65.106783  9.139
 37     4.763 53501.38246057 15.53 173.582140  65.109887  3.458
 37     4.687 53501.38246121 13.38 173.579140  65.112997  3.458
 37     4.475 53501.38246186 12.59 173.576140  65.116097  3.458
 38     6.025 53536.38245059 29.21 173.592728  65.109449  7.481
 38     5.784 53536.38245123 26.38 173.589728  65.112559  7.481
 38     5.593 53536.38245188 20.30 173.586728  65.115659  7.481
 38     4.731 53536.38245252 16.78 173.583728  65.118759  7.481
 39     1.583 53571.38245747 44.01 173.589069  65.107555 35.686
 39     1.428 53571.38245811 41.26 173.586069  65.110655 35.686
 39     1.611 53571.38245876 39.22 173.583074  65.113759 11.200
 39     1.526 53571.38245940 44.90 173.580074  65.116869 11.200
 40     5.635 53606.38240672 29.73 173.598429  65.114726 10.535
 40     5.458 53606.38240737 22.70 173.595429  65.117826 10.535
 40     5.377 53606.38240801 16.01 173.592429  65.120936 10.535
 41     4.817 53641.38240415 26.09 173.585631  65.098091 23.756
 41     5.003 53641.38240480 22.58 173.582631  65.101191 23.756
 41     4.934 53641.38240544 19.79 173.579631  65.104301 23.756
 41     4.626 53641.38240609 19.91 173.576631  65.107401 23.756
 41     1.298 53641.38240673 38.07 173.573626  65.110510 16.020
 42     3.829 53676.38242503 31.05 173.585833  65.106929  6.787
 42     0.414 53676.38242567 31.77 173.582833  65.110029  6.787
 42     1.934 53676.38242632 30.24 173.579831  65.113131  6.336
 42     0.761 53676.38242696 29.36 173.576831  65.116241  6.336
 43     4.893 53711.38235589 13.61 173.598127  65.116425  2.521
 43     4.352 53711.38235653 13.64 173.595127  65.119535  2.521
 43     3.685 53711.38235718 13.73 173.592127  65.122635  2.521
 44     4.375 53746.38226427 13.43 173.583560  65.100638  2.621
 44     4.480 53746.38226491 13.27 173.580560  65.103738  2.621
 44     4.284 53746.38226556 12.71 173.577560  65.106838  2.621
 44     3.796 53746.38226620 12.88 173.574560  65.109948  2.621
 44     3.401 53746.38226684 11.87 173.571560  65.113048  2.621
 45     5.021 53781.38229704  9.78 173.592963  65.110788  3.169
 45     4.538 53781.38229768  9.27 173.589961  65.113890  2.097
 45     3.479 53781.38229833  9.34 173.586961  65.117000  2.097
 45     3.050 53781.38229897  8.29 173.583961  65.120100  2.097
 46     4.817 53816.38226560  7.97 173.602681  65.117619  2.325
 46     4.156 53816.38226625  7.49 173.599681  65.120719  2.325
 46     3.300 53816.38226689  7.44 173.596686  65.123826  2.145
 46     0.474 53816.38226754  7.15 173.593686  65.126926  2.145
 47     4.158 53851.38233206  6.34 173.584274  65.099882  2.512
 47     4.082 53851.38233270  6.62 173.581284  65.102992  2.512
 47     3.955 53851.38233335  5.81 173.578284  65.106092  2.512
 47     3.497 53851.38233399  5.56 173.575274  65.109192  2.512
 47     3.374 53851.38233464  4.96 173.572274  65.112302  2.512
 48     5.346 53886.38234150 49.94 173.593692  65.111129 44.859
 48     5.347 53886.38234215 52.96 173.590690  65.114230 17.648
 48     5.334 53886.38234279 52.06 173.587690  65.117340 17.648
 48     5.371 53886.38234344 48.06 173.584680  65.120440 17.648
 49     4.965 53921.38241077 24.14 173.585081  65.102484 27.928
 49     4.456 53921.38241141 24.86 173.582091  65.105584 27.928
 49     4.571 53921.38241206 20.04 173.579091  65.108694 27.928
 49     4.208 53921.38241270 17.72 173.576091  65.111794 27.928
 50     4.744 53956.38240792 22.84 173.586681  65.106289 21.563
 50     6.554 53956.38240856 17.33 173.583681  65.109389 21.563
 50     4.834 53956.38240921 13.57 173.580681  65.112499 21.563
 50     4.150 53956.38240985 11.86 173.577681  65.115599 21.563
 51     4.748 53991.38232647 24.13 173.583838  65.098366 32.160
 51     4.732 53991.38232712 20.58 173.580838  65.101476 32.160
 51     4.530 53991.38232776 20.72 173.577838  65.104576 32.160
 51     4.128 53991.38232841 19.77 173.574838  65.107676 32.160
 51     3.301 53991.38232905 21.64 173.571838  65.110786 32.160
 52     0.624 54026.38239288 28.66 173.584357  65.103877  9.642
 52     0.817 54026.38239352 28.19 173.581357  65.106987  9.642
 52     0.899 54026.38239417 28.11 173.578357  65.110087  9.642
 52     0.883 54026.38239481 28.04 173.575357  65.113197  9.642
 53     0.140 54061.38238735 16.25 173.593058  65.111930  3.352
 53     3.053 54061.38238800 14.97 173.590058  65.115030  3.352
 53     2.079 54061.38238864 15.55 173.587058  65.118140  3.352
 54     0.236 54096.38236031 13.26 173.596724  65.113619  3.030
 54     2.800 54096.38236095 12.91 173.593724  65.116729  3.030
 54     2.238 54096.38236159 12.02 173.590724  65.119829  3.030
 55     4.304 54131.38230666 11.60 173.585867  65.099622  2.800
 55     4.099 54131.38230730 11.17 173.582867  65.102732  2.800
 55     2.838 54131.38230795 10.75 173.579867  65.105832  2.800
 55     1.967 54131.38230859 10.51 173.576867  65.108942  2.800
 55     1.937 54131.38230924  9.89 173.573867  65.112042  2.800
 56     2.031 54166.38233273  8.55 173.591198  65.112867  2.104
 56     3.587 54166.38233338  7.81 173.588198  65.115977  2.104
 56     2.515 54166.38233402  7.38 173.585198  65.119077  2.104
 57     1.240 54201.38231064  7.88 173.584280  65.104245  2.144
 57     3.640 54201.38231129  8.03 173.581280  65.107355  2.144
 57     1.532 54201.38231193  7.65 173.578280  65.110455  2.144
 57     1.149 54201.38231258  7.35 173.575270  65.113555  2.144
 58     5.461 54236.38234715 27.05 173.589789  65.106558 10.119
 58     5.722 54236.38234779 22.37 173.586799  65.109658 10.119
 58     5.497 54236.38234844 19.30 173.583789  65.112768 10.119
 58     5.700 54236.38234908 15.45 173.580789  65.115868 10.119
 59     5.187 54271.38236859 22.90 173.589587  65.111618  8.400
 59     4.960 54271.38236923 20.57 173.586587  65.114728  8.400
 59     4.211 54271.38236988 19.20 173.583587  65.117828  8.400
 60     4.852 54306.38237039 25.42 173.589837  65.108152  7.803
 60     5.028 54306.38237103 19.26 173.586837  65.111252  7.803
 60     4.583 54306.38237168 17.93 173.583837  65.114362  7.803
 60     3.638 54306.38237232 17.81 173.580837  65.117462  7.803
 61     1.087 54341.38235265 50.11 173.593814  65.114095 18.212
 61     1.142 54341.38235330 49.90 173.590814  65.117205 18.212
 61     1.170 54341.38235394 49.20 173.587814  65.120305 18.212
 62     1.074 54376.38230462 51.16 173.587788  65.105234 14.729
 62     1.166 54376.38230526 50.57 173.584788  65.108334 14.729
 62     1.210 54376.38230591 49.42 173.581788  65.111444 14.729
 62     1.213 54376.38230655 49.01 173.578788  65.114544 14.729
 63     0.880 54411.38229889 34.33 173.589436  65.110842  8.565
 63     0.945 54411.38229954 34.48 173.586436  65.113952  8.565
 63     1.123 54411.38230018 35.44 173.583436  65.117052  8.565
 64     3.650 54446.38226810 21.12 173.586152  65.100202  4.004
 64     3.641 54446.38226875 21.24 173.583152  65.103312  4.004
 64     3.296 54446.38226939 21.90 173.580152  65.106412  4.004
 64     2.815 54446.38227004 20.49 173.577152  65.109522  4.004
 64     1.862 54446.38227068 20.94 173.574152  65.112622  4.004
 65     3.237 54481.38229020 13.38 173.591388  65.108443  2.876
 65     3.177 54481.38229084 13.62 173.588388  65.111543  2.876
 65     2.658 54481.38229149 13.41 173.585389  65.114645  2.521
 65     2.532 54481.38229213 13.31 173.582379  65.117755  2.521
 66     4.376 54516.38228247 12.32 173.586700  65.101724  3.019
 66     0.753 54516.38228312 13.29 173.583700  65.104834  3.019
 66     1.904 54516.38228376 12.10 173.580700  65.107934  3.019
 66     4.047 54516.38228441 11.52 173.577700  65.111034  3.019
 66     3.392 54516.38228505 10.54 173.574700  65.114144  3.019
 67     4.959 54551.38230385  9.67 173.593662  65.112857  2.618
 67     4.271 54551.38230449  9.18 173.590662  65.115957  2.618
 67     3.380 54551.38230514  9.78 173.587662  65.119067  2.618
 68     4.831 54586.38227937  7.45 173.588194  65.107730  2.579
 68     4.618 54586.38228001  7.29 173.585194  65.110830  2.579
 68     3.929 54586.38228066  6.90 173.582194  65.113940  2.579
 68     2.919 54586.38228130  6.08 173.579194  65.117040  2.579
 69     5.049 54621.38229814 29.22 173.590657  65.108143 28.185
 69     5.220 54621.38229879 24.02 173.587657  65.111253 28.185
 69     4.981 54621.38229943 19.89 173.584657  65.114353 28.185
 69     4.871 54621.38230008 17.40 173.581657  65.117463 28.185
 70     5.031 54656.38230848 24.80 173.588133  65.109849 28.149
 70     4.857 54656.38230913 19.82 173.585133  65.112949 28.149
 70     5.033 54656.38230977 14.52 173.582133  65.116059 28.149
 71     5.188 54691.38229287 28.98 173.593474  65.109837 28.549
 71     5.136 54691.38229352 21.84 173.590474  65.112937 28.549
 71     4.898 54691.38229416 16.53 173.587474  65.116047 28.549
 71     4.690 54691.38229481 14.64 173.584474  65.119147 28.549
 72     5.375 54726.38225883 18.23 173.587106  65.102721 23.191
 72     4.813 54726.38225947 18.65 173.584106  65.105831 23.191
 72     4.527 54726.38226012 15.27 173.581106  65.108931 23.191
 72     4.484 54726.38226076 13.56 173.578106  65.112041 23.191
 72     4.134 54726.38226141 12.42 173.575106  65.115141 23.191
 73     0.005 54761.38226984 38.47 173.588840  65.110334 10.124
 73     0.113 54761.38227048 38.12 173.585840  65.113444 10.124
 73     0.011 54761.38227113 37.22 173.582840  65.116544 10.124
 74     0.288 54796.38225162 20.67 173.583579  65.100206  4.021
 74     0.367 54796.38225226 19.96 173.580579  65.103316  4.021
 74     0.299 54796.38225291 20.26 173.577579  65.106416  4.021
 74     0.607 54796.38225355 17.55 173.574579  65.109516  4.021
 74     0.494 54796.38225420 18.16 173.571579  65.112626  4.021
 75     2.801 54831.38227022 13.39 173.590319  65.108634  2.868
 75     2.792 54831.38227086 13.17 173.587319  65.111744  2.868
 75     2.690 54831.38227151 12.51 173.584319  65.114844  2.868
 75     2.160 54831.38227215 12.25 173.581319  65.117954  2.868
 76     2.037 54866.38224749 10.16 173.584884  65.103415  2.682
 76     1.716 54866.38224814 10.19 173.581884  65.106515  2.682
 76     1.808 54866.38224878  9.37 173.578884  65.109625  2.682
 76     1.159 54866.38224943  9.30 173.575884  65.112725  2.682
 77     3.724 54901.38226952  8.79 173.591213  65.112116  2.527
 77     3.369 54901.38227017  8.37 173.588213  65.115216  2.527
 77     3.032 54901.38227081  7.88 173.585213  65.118326  2.527
 78     4.760 54936.38223824  7.74 173.587929  65.105328  2.519
 78     4.453 54936.38223888  7.69 173.584929  65.108438  2.519
 78     2.804 54936.38223953  7.25 173.581929  65.111538  2.519
 78     3.417 54936.38224017  7.03 173.578929  65.114648  2.519
 79     1.010 54971.38227124 44.46 173.589980  65.106858 36.338
 79     4.456 54971.38227188 30.92 173.586980  65.109968 36.338
 79     0.852 54971.38227253 26.35 173.583980  65.113068 36.338
 79     1.046 54971.38227317 33.89 173.580980  65.116178 36.338
 80     4.830 55006.38229036 31.17 173.589871  65.108298 27.346
 80     5.001 55006.38229100 22.71 173.586871  65.111398 27.346
 80     4.850 55006.38229165 18.35 173.583871  65.114508 27.346
 80     4.208 55006.38229229 19.19 173.580871  65.117608 27.346
 81     6.605 55041.38227904 22.80 173.589257  65.110386 27.679
 81     4.864 55041.38227968 17.77 173.586257  65.113486 27.679
 81     4.570 55041.38228033 18.72 173.583257  65.116596 27.679
 82     1.737 55076.38225997 42.06 173.594441  65.111149 37.362
 82     1.638 55076.38226061 47.31 173.591441  65.114249 37.362
 82     1.646 55076.38226125 45.67 173.588441  65.117359 37.362
 82     1.714 55076.38226190 45.77 173.585441  65.120459 37.362
 83     0.478 55111.38221033 35.00 173.588150  65.103799 24.468
 83     0.427 55111.38221097 46.92 173.585150  65.106899 24.468
 83     0.511 55111.38221162 51.49 173.582150  65.110009 24.468
 83     0.472 55111.38221226 45.28 173.579150  65.113109 24.468
 83     0.461 55111.38221291 33.30 173.576150  65.116219 24.468
 84     4.135 55146.38221325 23.78 173.589746  65.108956  4.093
 84     2.583 55146.38221390 24.77 173.586746  65.112066  4.093
 84     2.121 55146.38221454 24.25 173.583746  65.115166  4.093
 84     1.675 55146.38221519 23.84 173.580746  65.118276  4.093
 85     0.496 55181.38218851 15.73 173.583326  65.102391  2.949
 85     0.662 55181.38218916 15.50 173.580326  65.105491  2.949
 85     1.905 55181.38218980 15.14 173.577326  65.108591  2.949
 85     0.793 55181.38219045 15.79 173.574326  65.111701  2.949
 86     1.474 55216.38220803 13.23 173.591503  65.110368  2.708
 86     1.306 55216.38220867 13.05 173.588503  65.113478  2.708
 86     1.031 55216.38220931 12.31 173.585503  65.116578  2.708
 86     0.556 55216.38220996 12.66 173.582503  65.119688  2.708
 87     2.007 55251.38218526 10.43 173.587417  65.104188  2.418
 87     2.422 55251.38218591 10.20 173.584417  65.107288  2.418
 87     1.819 55251.38218655 10.31 173.581407  65.110398  2.418
 87     1.369 55251.38218720 10.04 173.578407  65.113498  2.418
 88     1.782 55286.38220193  9.23 173.593836  65.111478  2.343
 88     3.053 55286.38220258  9.01 173.590836  65.114588  2.343
 88     3.035 55286.38220322  9.01 173.587836  65.117688  2.343
 89    -3.993 55321.38217568 15.75 173.590758  65.107175  7.207
 89    -5.018 55321.38217632 16.40 173.587758  65.110275  7.207
 89    -5.734 55321.38217697 15.16 173.584758  65.113375  7.207
 89    -6.309 55321.38217761 13.72 173.581758  65.116485  7.207
 90     5.485 55356.38217587 27.26 173.591236  65.108641 26.067
 90     5.792 55356.38217652 26.17 173.588236  65.111751 26.067
 90     4.478 55356.38217716 25.21 173.585236  65.114851 26.067
 90     3.977 55356.38217781 25.18 173.582236  65.117961 26.067
 91     4.721 55391.38217611 25.67 173.587525  65.103303 35.775
 91     4.426 55391.38217675 24.50 173.584525  65.106413 35.775
 91     4.203 55391.38217740 21.53 173.581525  65.109513 35.775
 91     1.087 55391.38217804 40.53 173.578525  65.112623 35.775
 91     1.002 55391.38217869 50.12 173.575525  65.115723 35.775
 92     6.754 55426.38219284 21.52 173.589351  65.109924 29.632
 92     4.794 55426.38219349 18.14 173.586351  65.113034 29.632
 92     5.847 55426.38219413 12.47 173.583351  65.116134 29.632
 93     2.704 55461.38216024 51.94 173.595607  65.113795 30.211
 93     2.570 55461.38216088 52.78 173.592607  65.116905 30.211
 93     2.594 55461.38216153 53.13 173.589607  65.120005 30.211
