-184094.416    91.820     0.00    6.16
-183714.842    95.686    10.18    8.12
-183335.195    99.486    10.01   10.79
-182955.476   107.486    21.07   15.80
-182575.685   113.626    16.16   15.85
-182195.821   111.475    -5.66   16.65
-181815.885   103.954   -19.79   21.60
-181435.876    92.651   -29.74   22.27
-181055.794    80.318   -32.44   17.82
-180675.640    71.501   -23.19   12.49
-180295.413    66.301   -13.67    6.11
-179923.050    63.129    -8.52    4.15
-179556.654    61.807    -3.61    3.87
-179190.192    60.188    -4.42    3.31
-178823.662    59.001    -3.24    2.72
-178457.066    59.451     1.23    4.37
-178090.403    65.724    17.11   15.80
-177723.672    71.088    14.62   18.50
-177356.875    76.380    14.43   17.08
-176990.011    82.318    16.18   15.16
-176623.080    87.966    15.39   13.04
-176256.082    94.140    16.82   11.58
-175889.017    99.630    14.95   10.42
-175521.884    98.923    -1.93    9.97
-175154.684    98.024    -2.45    9.72
-174787.418    99.175     3.13   11.31
-174420.083   103.127    10.76   13.55
-174052.682   105.207     5.66   12.87
-173685.213   104.408    -2.17    9.68
-173317.677   100.850    -9.68    8.14
-172950.074    98.751    -5.71    7.72
-172582.403    97.108    -4.47    9.19
-172214.664    97.913     2.19   10.88
-171846.858    95.924    -5.41   11.33
-171478.985    91.019   -13.33   11.56
-171111.044    84.443   -17.87   12.05
-170743.035    76.106   -22.65    9.47
-170374.959    69.989   -16.62    7.09
-170006.815    66.536    -9.38    5.40
-169638.603    63.350    -8.65    5.03
-169270.323    60.537    -7.64    4.94
-168901.976    56.126   -11.97    7.00
-168533.561    51.667   -12.10    6.74
-168165.077    47.917   -10.18    4.30
-167796.526    46.058    -5.05    2.55
-167427.907    44.923    -3.08    1.65
-167059.220    43.995    -2.52    1.66
-166690.465    43.071    -2.51    1.04
-166321.642    42.866    -0.56    0.88
-165952.751    42.645    -0.60    0.61
-165583.791    42.745     0.27    0.61
-165214.764    42.513    -0.63    0.68
-164845.668    42.419    -0.25    0.81
-164476.504    42.551     0.36    0.90
-164107.271    42.640     0.24    0.97
-163737.971    42.613    -0.07    1.03
-163368.602    43.326     1.93    1.32
-162999.164    43.776     1.22    1.58
-162629.658    44.687     2.47    1.78
-162260.084    45.647     2.60    1.24
-161890.441    48.537     7.82    4.86
-161520.729    51.586     8.25    5.59
-161150.949    53.282     4.59    4.58
-160781.100    53.629     0.94    3.16
-160411.183    52.710    -2.48    1.80
-160041.196    52.115    -1.61    1.68
-159671.141    51.885    -0.62    1.57
-159301.018    51.954     0.19    1.29
-158930.825    52.296     0.92    0.79
-158560.563    52.771     1.28    1.06
-158190.233    53.489     1.94    1.41
-157819.834    54.679     3.21    1.92
-157449.365    56.742     5.57    2.68
-157078.828    59.198     6.63    3.42
-156708.222    62.793     9.70    4.48
-156337.546    66.733    10.63    5.34
-155966.801    71.983    14.16    5.64
-155595.987    76.966    13.44    6.43
-155225.104    82.657    15.34    6.67
-154854.152    88.266    15.12    7.29
-154483.130    95.226    18.76    8.35
-154112.039   103.466    22.20   10.72
-153740.879   114.340    29.29   13.31
-153369.649   133.397    51.33   27.06
-152998.350   157.649    65.31   38.44
-152626.981   187.305    79.85   45.68
-152255.543   218.391    83.68   40.69
-151884.035   239.101    55.74   38.72
-151512.458   250.427    30.48   38.42
-151140.811   257.593    19.28   38.04
-150769.094   283.908    70.79   55.29
-150397.307   327.082   116.11   72.65
-150025.451   361.172    91.66   61.51
-149653.525   354.685   -17.44   59.42
-149281.529   325.086   -79.56   61.29
-148909.464   283.442  -111.91   50.83
-148537.328   260.358   -62.02   34.67
-148165.122   252.064   -22.28   20.51
-147792.846   267.429    41.27   35.84
-147420.501   294.938    73.87   48.30
-147048.085   324.806    80.19   57.38
-146675.599   351.780    72.41   57.34
-146303.043   375.043    62.43   57.00
-145930.417   409.850    93.40   64.03
-145557.720   452.896   115.49   73.56
-145184.954   487.605    93.10   62.46
-144812.116   490.368     7.41   60.46
-144439.209   465.292   -67.24   65.54
-144066.231   426.442  -104.15   57.68
-143693.183   390.689   -95.83   44.41
-143320.064   363.373   -73.20   43.13
-142946.875   344.838   -49.66   33.68
-142573.615   357.091    32.82   54.94
-142200.285   429.213   193.16  119.24
-141826.884   509.571   215.18  117.72
-141453.412   544.584    93.74   85.92
-141079.869   527.489   -45.76   93.16
-140706.256   501.850   -68.62   80.22
-140332.572   513.284    30.60   86.64
-139958.817   552.409   104.67   82.73
-139584.992   563.218    28.91   70.29
-139211.095   545.025   -48.65   82.57
-138837.128   504.908  -107.26   73.03
-138463.089   449.652  -147.71   75.17
-138088.979   408.392  -110.28   81.53
-137714.799   360.007  -129.30   73.88
-137340.547   325.666   -91.75   40.22
-136966.224   330.548    13.04   53.65
-136591.830   342.943    33.10   67.38
-136217.364   368.722    68.84   68.61
-135842.828   397.139    75.87   67.25
-135468.220   431.041    90.49   71.79
-135093.540   459.183    75.10   64.15
-134718.790   470.936    31.36   67.72
-134343.968   466.733   -11.21   75.43
-133969.074   460.012   -17.93   75.76
-133594.109   456.959    -8.14   72.57
-133219.072   470.076    34.97   67.52
-132843.964   477.292    19.24   67.38
-132468.784   491.869    38.85   67.71
-132093.532   496.640    12.71   68.74
-131718.209   475.954   -55.11   67.78
-131342.813   464.013   -31.81   65.64
-130967.346   451.877   -32.32   66.47
-130591.808   437.513   -38.25   66.80
-130216.197   414.800   -60.46   72.44
-129840.514   394.230   -54.75   63.03
-129464.760   390.594    -9.68   56.22
-129088.933   417.346    71.18   72.35
-128713.034   445.594    75.14   67.17
-128337.063   452.224    17.63   57.84
-127961.021   415.708   -97.10   80.75
-127584.905   379.862   -95.30   69.23
-127208.718   331.282  -129.12   65.43
-126832.459   279.797  -136.82   60.46
-126456.127   252.627   -72.19   59.70
-126079.723   245.269   -19.55   58.12
-125703.246   278.489    88.23   78.78
-125326.697   320.926   112.69   69.30
-124950.075   336.455    41.23   52.03
-124573.381   319.426   -45.20   57.23
-124196.615   282.489   -98.03   56.33
-123819.776   247.266   -93.46   43.61
-123442.864   224.616   -60.09   36.99
-123065.879   209.163   -40.99   30.05
-122688.822   204.984   -11.08   31.94
-122311.692   203.971    -2.69   36.73
-121934.490   216.175    32.35   43.20
-121557.214   220.416    11.24   47.83
-121179.865   206.961   -35.66   54.91
-120802.444   181.233   -68.16   53.50
-120424.950   155.007   -69.47   32.31
-120047.382   146.582   -22.31   22.59
-119669.742   162.126    41.16   40.15
-119292.028   177.718    41.28   45.57
-118914.242   177.673    -0.12   45.39
-118536.382   167.122   -27.92   39.17
-118158.449   146.346   -54.97   27.22
-117780.442   127.903   -48.79   24.82
-117402.363   120.710   -19.02   28.05
-117024.210   106.442   -37.73   26.08
-116645.983    93.233   -34.92   18.35
-116267.684    85.454   -20.56   13.00
-115889.310    81.850    -9.52    7.59
-115510.863    80.560    -3.41    5.09
-115132.343    81.850     3.41    4.79
-114753.749    82.558     1.87    3.97
-114375.081    80.279    -6.02    4.88
-113996.340    77.236    -8.03    6.45
-113617.525    73.402   -10.12    6.50
-113238.636    69.694    -9.79    6.23
-112859.674    66.781    -7.69    4.43
-112480.637    65.409    -3.62    3.83
-112101.527    66.275     2.28    5.66
-111722.342    69.069     7.37    6.38
-111343.084    72.013     7.76    5.89
-110963.751    73.501     3.92    4.54
-110584.345    71.632    -4.93    5.19
-110204.864    70.640    -2.61    4.95
-109825.310    68.908    -4.56    4.39
-109445.681    66.644    -5.96    5.94
-109065.978    63.399    -8.55    8.00
-108686.200    60.099    -8.69    7.92
-108306.348    55.818   -11.27    6.77
-107926.422    52.931    -7.60    4.78
-107546.421    50.768    -5.69    3.66
-107166.346    49.048    -4.52    2.81
-106786.197    47.876    -3.08    2.72
-106405.972    47.766    -0.29    2.69
-106025.674    48.328     1.48    3.05
-105645.300    47.938    -1.03    3.19
-105268.506    46.637    -3.45    3.40
-104902.325    45.379    -3.44    3.36
-104536.075    42.860    -6.88    4.98
-104169.756    40.656    -6.02    4.91
-103803.369    38.815    -5.02    4.74
-103436.914    37.233    -4.32    3.92
-103070.390    35.983    -3.41    3.30
-102703.797    33.989    -5.44    3.59
-102337.136    32.110    -5.13    3.08
-101970.406    30.869    -3.38    2.51
-101603.607    29.350    -4.14    2.95
-101236.740    29.069    -0.76    2.88
-100869.803    28.403    -1.81    2.88
-100502.798    27.995    -1.11    3.00
-100135.724    28.269     0.75    3.10
 -99768.582    27.915    -0.97    2.77
 -99401.370    27.537    -1.03    2.71
 -99034.089    26.842    -1.89    3.17
 -98666.739    25.443    -3.81    3.05
 -98299.320    23.762    -4.58    2.98
 -97931.832    22.236    -4.15    2.75
 -97564.275    21.029    -3.28    2.14
 -97196.649    20.523    -1.38    1.91
 -96828.953    19.739    -2.13    2.44
 -96461.188    18.967    -2.10    2.67
 -96093.354    17.783    -3.22    2.51
 -95725.451    17.183    -1.63    2.20
 -95357.478    16.537    -1.76    2.32
 -94989.436    15.409    -3.06    3.48
 -94621.324    14.330    -2.93    4.12
 -94253.143    12.299    -5.52    3.94
 -93884.892    10.806    -4.05    2.52
 -93516.572    11.351     1.48    3.02
 -93148.182    12.277     2.51    3.25
 -92779.722    12.478     0.54    3.20
 -92411.193    12.082    -1.07    3.49
 -92042.594    11.629    -1.23    3.63
 -91673.925    10.432    -3.25    3.85
 -91305.187     9.444    -2.68    4.01
 -90936.378     8.677    -2.08    3.65
 -90567.500     8.137    -1.46    2.77
 -90198.552     7.751    -1.05    2.00
 -89829.534     6.846    -2.45    2.28
 -89460.445     5.579    -3.43    2.59
 -89091.287     4.501    -2.92    2.14
 -88722.059     3.239    -3.42    2.38
 -88352.760     2.111    -3.06    2.59
 -87983.391     1.308    -2.17    2.45
 -87613.953     0.769    -1.46    2.07
 -87244.443     0.905     0.37    1.76
 -86874.864     1.196     0.79    1.72
 -86505.214     0.892    -0.82    1.67
 -86135.494     0.941     0.13    1.93
 -85765.704     1.225     0.77    3.09
 -85395.843     1.582     0.97    3.85
 -85025.911     1.152    -1.16    4.70
 -84655.909     0.340    -2.19    5.35
 -84285.837    -1.965    -6.23    5.48
 -83915.694    -4.418    -6.63    4.51
 -83545.480    -6.283    -5.04    2.44
 -83175.195    -6.937    -1.77    1.76
 -82804.840    -7.343    -1.09    0.86
 -82434.414    -7.476    -0.36    0.21
 -82063.917    -7.499    -0.06    0.00
 -81693.350    -7.499     0.00    0.00
 -81322.711    -7.499     0.00    0.00
 -80952.002    -7.499     0.00    0.00
 -80581.221    -7.499     0.00    0.00
 -80210.370    -7.499     0.00    0.00
 -79839.447    -7.499     0.00    0.00
 -79468.454    -7.499     0.00    0.00
 -79097.389    -7.499     0.00    0.00
 -78726.253    -7.499     0.00    0.00
 -78355.046    -7.499     0.00    0.00
 -77983.768    -7.499     0.00    0.00
 -77612.418    -7.499     0.00    0.00
 -77240.997    -7.499     0.00    0.00
 -76869.504    -7.499     0.00    0.00
 -76497.941    -7.499     0.00    0.00
 -76126.305    -7.499     0.00    0.00
 -75754.599    -7.499     0.00    0.00
 -75382.820    -7.499     0.00    0.00
 -75010.970    -7.499     0.00    0.00
 -74639.049    -7.499     0.00    0.00
 -74267.056    -7.499     0.00    0.00
 -73894.991    -7.499     0.00    0.00
 -73522.854    -7.499     0.00    0.00
 -73150.646    -7.499     0.00    0.00
 -72778.365    -7.499     0.00    0.00
 -72406.013    -7.499     0.00    0.00
 -72033.589    -7.499     0.00    0.00
 -71661.093    -7.499     0.00    0.00
 -71288.525    -7.499     0.00    0.00
 -70915.885    -7.499     0.00    0.00
 -70543.173    -7.499     0.00    0.00
 -70170.389    -7.488     0.03    0.11
 -69797.532    -5.817     4.48    3.15
 -69424.604    -0.758    13.57    8.33
 -69051.603     7.560    22.30   13.34
 -68678.530    18.399    29.05   18.77
 -68305.384    33.995    41.80   22.30
 -67932.166    47.592    36.43   23.61
 -67558.876    67.164    52.43   27.87
 -67185.513    87.444    54.32   30.44
 -66812.078   107.594    53.96   23.22
 -66438.570   118.535    29.29   18.86
 -66064.990   131.066    33.54   22.66
 -65691.337   147.342    43.56   37.00
 -65317.611   170.210    61.19   44.63
 -64943.813   185.762    41.60   37.27
 -64569.942   191.275    14.74   33.67
 -64195.998   189.296    -5.29   32.29
 -63821.981   180.698   -22.99   26.59
 -63447.891   185.035    11.59   33.35
 -63073.729   189.156    11.01   43.72
 -62699.493   182.134   -18.76   47.10
 -62325.185   166.736   -41.14   47.66
 -61950.803   143.535   -61.97   39.53
 -61576.349   121.915   -57.73   25.43
 -61201.821   105.018   -45.12   19.18
 -60827.220    89.976   -40.15   23.19
 -60452.546    75.374   -38.97   27.50
 -60077.798    59.127   -43.35   25.45
 -59702.978    45.776   -35.62   16.50
 -59328.084    36.320   -25.22    9.51
 -58953.116    29.601   -17.92    9.19
 -58578.075    25.621   -10.61    8.50
 -58202.961    21.069   -12.14    8.58
 -57827.773    15.562   -14.68    8.92
 -57452.512    10.887   -12.46    9.06
 -57077.177     7.098   -10.09    5.71
 -56701.768     7.591     1.31    4.65
 -56326.285    12.298    12.54    7.74
 -55950.729    22.090    26.07   13.08
 -55575.099    34.477    32.98   15.64
 -55199.396    47.762    35.36   16.69
 -54823.618    56.525    23.32   15.65
 -54447.767    59.580     8.13   16.68
 -54071.841    62.144     6.82   17.86
 -53695.842    65.114     7.90   17.18
 -53319.769    66.807     4.50   16.76
 -52943.621    63.579    -8.58   16.66
 -52567.399    53.547   -26.66   14.60
 -52191.104    44.108   -25.09   12.43
 -51814.734    34.978   -24.26   10.20
 -51438.289    28.160   -18.11    9.37
 -51061.771    24.701    -9.19    7.48
 -50685.178    26.366     4.42    8.54
 -50308.511    28.183     4.82    8.00
 -49931.769    31.080     7.69    7.64
 -49554.953    32.117     2.75    8.73
 -49178.062    29.591    -6.70    9.88
 -48801.097    28.271    -3.50   11.03
 -48424.057    27.671    -1.59   10.76
 -48046.943    25.144    -6.70   11.07
 -47669.753    18.838   -16.72   14.73
 -47292.490     9.731   -24.14   14.77
 -46915.151     0.949   -23.27    8.89
 -46537.737    -2.810    -9.96    2.85
 -46160.249    -1.454     3.59    3.70
 -45782.686    -0.840     1.63    4.05
 -45405.047     0.209     2.78    4.31
 -45027.334     1.823     4.27    3.52
 -44649.546     3.080     3.33    3.23
 -44271.683     3.194     0.30    3.06
 -43893.744     2.285    -2.41    3.11
 -43515.730     2.119    -0.44    2.96
 -43137.642     1.231    -2.35    3.43
 -42759.477     1.183    -0.13    3.54
 -42381.238     1.489     0.81    3.98
 -42002.923     1.467    -0.06    4.24
 -41624.533     2.018     1.45    4.52
 -41246.067     2.512     1.31    5.28
 -40867.526     6.227     9.81    7.11
 -40488.910    10.001     9.97    7.07
 -40110.217    10.596     1.57    7.27
 -39731.449     9.391    -3.18    7.06
 -39352.606     5.989    -8.98    6.32
 -38973.687     2.413    -9.44    5.19
 -38594.692    -0.487    -7.65    3.17
 -38215.621    -1.420    -2.46    3.58
 -37836.474    -1.341     0.21    4.61
 -37457.252    -0.780     1.48    4.59
 -37077.953    -0.142     1.68    4.23
 -36698.579     0.512     1.72    3.77
 -36319.128     0.846     0.88    3.88
 -35939.602     1.523     1.78    4.59
 -35559.999     2.099     1.52    4.10
 -35180.320     3.190     2.87    3.99
 -34800.565     5.069     4.95    3.14
 -34420.734     4.917    -0.40    3.34
 -34040.826     3.910    -2.65    4.23
 -33660.842     1.535    -6.25    4.80
 -33280.782    -0.016    -4.08    4.31
 -32900.645     0.613     1.66    5.21
 -32520.432     0.984     0.98    5.04
 -32140.142     2.053     2.81    4.46
 -31759.776     2.412     0.94    4.35
 -31379.333     1.861    -1.45    4.06
 -30998.813     2.557     1.83    3.70
 -30618.217     2.489    -0.18    3.31
 -30251.254     1.489    -2.72    3.51
 -29885.221     1.018    -1.29    3.95
 -29519.117     0.388    -1.72    3.49
 -29152.943     0.058    -0.90    3.47
 -28786.699     0.808     2.05    3.12
 -28420.385    -0.072    -2.40    3.39
 -28054.000    -1.267    -3.26    3.47
 -27687.545    -2.510    -3.39    3.57
 -27321.020    -3.844    -3.64    2.61
 -26954.424    -4.619    -2.11    2.63
 -26587.758    -4.302     0.87    3.57
 -26221.021    -3.730     1.56    3.55
 -25854.214    -3.304     1.16    3.62
 -25487.337    -3.409    -0.29    3.66
 -25120.388    -3.833    -1.15    3.40
 -24753.369    -4.499    -1.82    3.52
 -24386.280    -3.921     1.57    4.47
 -24019.120    -2.803     3.05    4.60
 -23651.889    -3.140    -0.92    4.30
 -23284.587    -2.016     3.06    4.15
 -22917.214    -2.295    -0.76    4.02
 -22549.770    -3.716    -3.87    2.73
 -22182.256    -2.803     2.49    3.93
 -21814.670    -2.174     1.71    4.70
 -21447.014    -0.431     4.74    6.17
 -21079.286     0.604     2.82    6.52
 -20711.488     0.029    -1.56    6.03
 -20343.618    -1.636    -4.52    5.58
 -19975.677    -3.599    -5.34    3.87
 -19607.665    -4.601    -2.72    2.48
 -19239.582    -4.361     0.65    2.73
 -18871.427    -2.780     4.29    3.65
 -18503.201    -1.798     2.67    3.73
 -18134.904    -0.422     3.74    3.72
 -17766.535     1.478     5.16    2.77
 -17398.094     1.273    -0.56    2.56
 -17029.583     1.572     0.81    2.58
 -16660.999    -0.752    -6.31    4.24
 -16292.345    -3.205    -6.65    4.47
 -15923.618    -5.645    -6.62    3.29
 -15554.820    -6.419    -2.10    2.59
 -15185.950    -4.567     5.02    3.95
 -14817.008    -3.361     3.27    3.88
 -14447.995    -3.140     0.60    3.42
 -14078.910    -3.971    -2.25    3.25
 -13709.753    -5.476    -4.08    2.60
 -13340.524    -6.555    -2.92    1.11
 -12971.223    -6.752    -0.53    1.08
 -12601.849    -7.072    -0.87    0.81
 -12232.404    -7.323    -0.68    0.47
 -11862.887    -7.409    -0.23    0.29
 -11493.298    -7.237     0.47    0.54
 -11123.637    -7.155     0.22    0.60
 -10753.903    -6.809     0.94    0.94
 -10384.097    -5.961     2.29    1.64
 -10014.219    -4.810     3.11    2.04
  -9644.268    -4.033     2.10    2.19
  -9274.246    -3.056     2.64    2.26
  -8904.150    -2.612     1.20    2.41
  -8533.983    -3.016    -1.09    2.25
  -8163.742    -3.005     0.03    1.86
  -7793.429    -3.147    -0.38    1.61
  -7423.044    -3.713    -1.53    1.11
  -7052.586    -4.410    -1.88    1.54
  -6682.055    -4.971    -1.51    1.82
  -6311.452    -5.881    -2.46    1.68
  -5940.776    -6.614    -1.98    1.34
  -5570.027    -6.355     0.70    1.55
  -5199.205    -5.534     2.21    1.67
  -4828.310    -5.005     1.43    1.52
  -4457.342    -4.121     2.38    1.16
  -4086.302    -3.567     1.49    1.38
  -3715.188    -3.451     0.31    1.77
  -3344.001    -3.655    -0.55    1.83
  -2972.742    -4.440    -2.11    2.16
  -2601.409    -5.323    -2.38    2.01
  -2230.003    -5.988    -1.79    1.52
  -1858.523    -5.730     0.69    1.90
  -1486.971    -5.117     1.65    2.44
  -1115.345    -3.610     4.05    2.77
   -743.645    -2.758     2.29    2.47
   -371.873    -1.173     4.26    2.78
     -0.026     2.133     8.89   10.54
    371.893    14.267    32.63   25.44
    743.886    25.029    28.93   29.12
   1115.953    34.856    26.41   25.21
   1488.093    37.023     5.82   15.69
   1860.307    31.001   -16.18    9.65
   2232.595    23.745   -19.49   10.13
   2604.957    15.731   -21.52    9.23
   2977.392    10.894   -12.99    7.70
   3349.901     7.788    -8.34    6.88
   3722.484     7.790     0.00    6.85
   4095.141     8.892     2.96    7.76
   4467.872    12.074     8.54    8.53
   4840.677    17.183    13.71    8.64
   5213.556    21.156    10.66    6.86
   5586.509    21.478     0.86    6.20
   5959.536    16.512   -13.31   10.62
   6332.637     9.941   -17.61   11.68
   6705.813     3.305   -17.78    9.37
   7079.063    -1.988   -14.18    1.87
   7452.387    -1.564     1.13    2.44
   7825.785    -0.988     1.54    3.10
   8199.258     0.642     4.36    3.92
   8572.806     2.203     4.18    3.56
   8946.428     2.644     1.18    3.12
   9320.124     2.689     0.12    3.14
   9693.895     1.123    -4.19    3.41
  10067.741     0.036    -2.91    2.51
  10441.661     1.456     3.80    3.74
  10815.656     4.030     6.88    4.75
  11189.726     7.714     9.85    5.10
  11563.870    12.582    13.01    6.41
  11938.090    18.402    15.55    7.37
  12312.384    23.604    13.90    7.23
  12686.754    30.056    17.23    8.51
  13061.198    36.770    17.93   12.48
  13435.717    45.345    22.90   17.28
  13810.311    54.956    25.66   21.87
  14184.981    60.556    14.95   22.41
  14559.725    62.662     5.62   20.90
  14934.545    61.712    -2.54   17.03
  15309.440    61.907     0.52   12.56
  15684.411    65.001     8.25   10.92
  16059.456    70.024    13.39    9.80
  16434.578    77.012    18.63    7.97
  16809.774    80.989    10.60    7.32
  17185.046    83.345     6.28    9.62
  17560.394    85.782     6.49   12.28
  17935.817    84.883    -2.39   14.80
  18311.315    83.220    -4.43   17.24
  18686.890    84.101     2.35   19.78
  19062.540    85.366     3.37   19.45
  19438.266    97.301    31.77   24.47
  19814.067   110.887    36.15   25.75
  20189.945   122.656    31.31   21.62
  20565.898   125.262     6.93   25.52
  20941.927   112.467   -34.03   35.84
  21318.033   103.123   -24.85   34.98
  21694.214    95.645   -19.88   30.29
  22070.471   106.951    30.05   37.44
  22446.805   125.867    50.27   42.93
  22823.214   138.620    33.88   43.56
  23199.700   137.534    -2.89   41.21
  23576.262   117.534   -53.11   46.06
  23952.900    81.423   -95.88   42.81
  24329.615    52.074   -77.91   30.14
  24706.406    30.490   -57.29   11.32
  25083.274    23.614   -18.24    7.88
  25460.217    17.281   -16.80    7.36
  25837.238    11.411   -15.57    7.47
  26214.335     4.612   -18.03    6.65
  26591.509     0.864    -9.94    5.03
  26968.759    -1.865    -7.23    1.28
  27346.086    -1.283     1.54    2.70
  27723.490     2.149     9.10    5.66
  28100.971     4.955     7.43    5.50
  28478.528     7.956     7.95    6.31
  28856.162     9.869     5.06    7.58
  29233.874    12.145     6.03    9.23
  29611.662    12.018    -0.34    9.20
  29989.527    10.967    -2.78    7.68
  30367.470     9.056    -5.06    5.88
  30745.489     7.863    -3.16    5.09
  31123.586     9.967     5.56    5.49
  31501.760    11.204     3.27    5.41
  31880.011    11.231     0.07    5.62
  32258.340    11.946     1.89    7.33
  32636.745    15.209     8.62   12.81
  33015.229    22.501    19.27   21.52
  33393.789    35.064    33.19   25.65
  33772.428    43.776    23.01   25.21
  34151.143    52.042    21.83   25.63
  34529.937    58.218    16.31   24.72
  34908.808    66.713    22.42   30.44
  35287.757    74.732    21.16   34.21
  35666.783    75.666     2.46   33.33
  36045.887    72.424    -8.55   25.65
  36425.069    60.140   -32.40   20.70
  36804.329    44.467   -41.33   22.87
  37183.667    31.571   -34.00   17.98
  37563.083    24.883   -17.63    7.54
  37942.577    26.811     5.08    8.39
  38322.149    34.645    20.64   12.45
  38701.799    44.489    25.93   14.11
  39081.527    52.204    20.32   15.96
  39461.334    66.547    37.76   29.74
  39841.218    85.841    50.79   47.81
  40221.182   116.719    81.27   63.52
  40601.223   148.523    83.69   71.33
  40981.343   181.029    85.52   66.66
  41361.541   194.215    34.68   50.38
  41741.818   190.334   -10.21   39.37
  42122.173   171.367   -49.87   44.52
  42502.607   134.923   -95.80   43.71
  42883.119   105.748   -76.68   33.06
  43263.711    96.237   -24.99   24.40
  43644.381   104.546    21.83   30.77
  44025.129   122.957    48.36   34.78
  44396.888   135.717    34.32   33.31
  44762.699   136.819     3.01   40.41
  45128.582   134.434    -6.52   46.22
  45494.536   131.888    -6.96   45.33
  45860.563   121.006   -29.73   44.89
  46226.661    90.319   -83.83   56.48
  46592.831    53.555  -100.40   56.34
  46959.074    18.024   -97.02   28.43
  47325.388     5.349   -34.60    8.95
  47691.775     2.748    -7.10    0.76
  48058.233     2.995     0.67    1.21
  48424.764     3.332     0.92    1.67
  48791.367     4.334     2.73    2.79
  49158.043     5.907     4.29    4.44
  49524.790     7.456     4.22    4.70
  49891.610     8.050     1.62    4.60
  50258.503     7.989    -0.17    4.53
  50625.467     6.860    -3.08    3.63
  50992.505     5.850    -2.75    2.62
  51359.615     5.327    -1.42    2.54
  51726.797     5.090    -0.65    2.63
  52094.052     4.776    -0.86    2.60
  52461.380     4.307    -1.27    2.50
  52828.780     4.256    -0.14    2.41
  53196.253     4.694     1.19    2.47
  53563.799     5.251     1.51    2.67
  53931.418     5.751     1.36    2.70
  54299.110     7.018     3.45    2.29
  54666.874     8.083     2.90    2.24
  55034.712     8.815     1.99    2.75
  55402.622     8.940     0.34    2.47
  55770.606     9.903     2.62    2.57
  56138.662    11.251     3.66    2.36
  56506.792    12.228     2.65    2.29
  56874.995    13.270     2.83    1.91
  57243.271    14.556     3.49    1.85
  57611.621    15.050     1.34    1.89
  57980.043    15.838     2.14    1.98
  58348.539    16.634     2.16    1.93
  58717.109    17.436     2.17    1.85
  59085.752    18.213     2.11    2.25
  59454.468    19.023     2.19    2.01
  59823.258    18.877    -0.39    2.15
  60192.121    19.060     0.50    2.07
  60561.058    19.190     0.35    2.20
  60930.069    19.023    -0.46    2.35
  61299.153    18.754    -0.73    2.39
  61668.311    18.402    -0.95    2.39
  62037.543    17.265    -3.08    2.24
  62406.849    15.995    -3.44    1.82
  62776.229    15.863    -0.36    1.70
  63145.682    15.600    -0.71    2.20
  63515.210    14.248    -3.66    3.14
  63884.811    12.456    -4.85    3.41
  64254.486    11.251    -3.26    2.87
  64624.236     9.768    -4.01    1.77
  64994.060     9.468    -0.81    1.65
  65363.958     9.431    -0.10    1.35
  65733.930     9.762     0.89    1.37
  66103.976    10.534     2.09    1.59
  66474.097    11.186     1.76    1.34
  66844.292    11.327     0.38    1.37
  67214.562    10.995    -0.90    1.81
  67584.905    11.200     0.55    2.17
  67955.324    11.156    -0.12    2.43
  68325.817    10.914    -0.65    2.62
  68696.384    10.126    -2.13    2.56
  69067.026     9.124    -2.70    2.22
  69437.743     8.978    -0.39    2.19
  69808.535     9.740     2.05    2.53
  70179.401    10.842     2.97    2.98
  70550.342    11.567     1.95    3.24
  70921.358    12.351     2.11    3.47
  71292.449    13.479     3.04    3.82
  71663.615    14.581     2.97    4.13
  72034.855    15.929     3.63    3.95
  72406.171    18.202     6.12    3.16
  72777.562    19.860     4.46    3.43
  73149.028    20.808     2.55    3.34
  73520.569    21.565     2.04    3.46
  73892.185    22.819     3.37    2.97
  74263.877    24.207     3.74    3.26
  74635.644    26.079     5.03    3.31
  75007.486    27.458     3.71    2.76
  75379.404    27.901     1.19    2.43
  75751.397    27.694    -0.56    2.99
  76123.465    28.457     2.05    3.81
  76495.609    31.149     7.23    6.08
  76867.829    35.383    11.37    7.18
  77240.124    41.501    16.43    7.64
  77612.495    46.990    14.74   10.97
  77984.942    54.885    21.20   14.60
  78357.464    64.360    25.44   16.87
  78730.062    72.501    21.85   14.34
  79102.736    78.229    15.37   14.96
  79475.486    81.129     7.78   15.51
  79848.312    79.838    -3.46   13.71
  80221.214    76.660    -8.52   10.35
  80594.192    71.684   -13.34    6.01
  80967.246    69.879    -4.84    5.26
  81340.376    70.103     0.60    5.63
  81713.582    71.666     4.19    6.95
  82086.865    75.023     8.99    7.22
  82460.223    78.802    10.12    7.81
  82833.658    84.436    15.09   10.17
  83207.170    91.544    19.03   13.00
  83580.758    98.338    18.19   13.43
  83954.422   104.686    16.99   14.34
  84328.163   111.544    18.35   15.48
  84701.980   117.001    14.60   16.74
  85075.874   123.990    18.69   15.94
  85449.844   128.914    13.17   16.01
  85823.891   136.367    19.93   15.87
  86198.015   140.262    10.41   14.40
  86572.216   147.690    19.85   13.16
  86946.493   158.023    27.61   18.32
  87320.848   173.556    41.50   25.18
  87695.279   191.316    47.43   31.47
  88069.787   210.367    50.87   34.32
  88444.372   229.662    51.51   38.45
  88819.034   257.860    75.27   47.95
  89193.774   294.150    96.85   60.81
  89568.590   317.294    61.75   49.51
  89943.484   310.092   -19.21   46.04
  90318.455   283.698   -70.39   59.62
  90693.503   243.565  -107.02   51.88
  91068.629   216.419   -72.37   24.11
  91443.832   215.523    -2.39   19.19
  91819.112   227.629    32.26   26.30
  92194.470   235.936    22.13   25.95
  92569.906   234.431    -4.01   29.25
  92945.418   223.186   -29.95   30.26
  93321.009   210.908   -32.69   19.26
  93696.677   215.338    11.79   21.90
  94072.423   233.245    47.66   31.21
  94448.247   248.403    40.34   31.35
  94824.149   262.251    36.84   32.52
  95200.128   280.799    49.34   41.86
  95576.185   291.074    27.33   45.91
  95952.321   298.448    19.61   38.95
  96328.534   307.534    24.15   32.56
  96704.825   331.404    63.44   40.96
  97081.195   367.645    96.30   53.41
  97457.642   422.773   146.45   65.85
  97834.168   465.734   114.11   55.38
  98210.772   486.523    55.20   38.13
  98587.454   487.006     1.28   38.25
  98964.215   462.588   -64.82   44.91
  99341.054   437.501   -66.58   36.27
  99717.972   416.350   -56.12   33.09
 100094.968   403.655   -33.68   35.60
 100472.042   403.309    -0.92   41.87
 100849.195   410.390    18.77   45.85
 101226.427   423.182    33.91   52.00
 101603.737   442.126    50.21   58.04
 101981.126   460.017    47.41   65.24
 102358.594   470.819    28.62   63.91
 102736.141   457.160   -36.18   61.75
 103113.767   430.179   -71.46   65.78
 103491.471   389.458  -107.82   53.71
 103869.255   367.940   -56.96   34.98
 104247.117   357.469   -27.72   27.02
 104625.059   364.885    19.63   34.93
 105003.080   367.555     7.06   35.62
 105381.179   363.267   -11.34   31.24
 105759.359   352.773   -27.75   29.16
 106137.617   345.179   -20.08   28.82
 106515.955   335.264   -26.21   27.46
 106894.372   327.467   -20.61   24.20
 107272.868   324.522    -7.78   27.15
 107651.444   325.867     3.55   36.85
 108030.100   342.490    43.90   53.15
 108408.835   355.776    35.08   59.97
 108787.649   361.086    14.02   56.94
 109166.543   354.592   -17.14   53.64
 109545.517   343.905   -28.20   37.83
 109924.571   349.650    15.16   38.52
 110303.705   384.522    91.99   58.55
 110682.918   428.489   115.95   53.21
 111062.211   462.139    88.72   44.47
 111441.585   479.489    45.74   37.65
 111821.038   479.777     0.76   47.21
 112200.571   480.421     1.70   51.95
 112580.185   498.490    47.60   57.44
 112959.879   525.739    71.77   53.33
 113339.652   546.280    54.09   53.53
 113719.506   551.228    13.03   63.28
 114099.441   533.167   -47.54   74.41
 114479.456   502.262   -81.33   79.88
 114859.551   468.565   -88.66   71.79
 115239.727   448.756   -52.11   50.89
 115619.983   452.275     9.25   38.93
 116000.319   461.874    25.24   35.41
 116380.737   467.479    14.73   34.14
 116761.235   465.612    -4.91   38.86
 117141.814   464.533    -2.84   42.06
 117522.473   451.794   -33.47   49.13
 117903.213   432.834   -49.80   53.01
 118284.034   402.716   -79.09   49.21
 118664.937   377.642   -65.83   46.92
 119041.890   354.350   -61.79   44.60
 119407.472   335.809   -50.72   44.65
 119773.128   311.344   -66.92   47.53
 120138.857   282.447   -79.02   44.55
 120504.660   261.455   -57.39   29.86
 120870.536   262.820     3.73   27.48
 121236.486   280.610    48.62   41.16
 121602.510   317.863   101.79   50.98
 121968.608   355.240   102.11   51.51
 122334.779   388.888    91.90   38.75
 122701.024   403.214    39.12   33.97
 123067.343   401.094    -5.79   41.18
 123433.737   390.608   -28.62   41.92
 123800.204   383.190   -20.24   33.36
 124166.745   394.267    30.22   34.35
 124533.361   416.001    59.29   37.92
 124900.050   430.565    39.72   31.36
 125266.814   421.576   -24.51   42.07
 125633.652   389.277   -88.05   56.63
 126000.564   359.740   -80.51   50.39
 126367.550   341.677   -49.23   40.34
 126734.611   337.001   -12.74   45.44
 127101.747   333.919    -8.39   45.37
 127468.956   321.318   -34.32   48.18
 127836.241   304.928   -44.63   47.80
 128203.599   286.426   -50.37   45.07
 128571.033   274.189   -33.31   37.74
 128938.541   265.458   -23.76   25.00
 129306.123   270.251    13.04   29.92
 129673.781   291.178    56.93   38.85
 130041.513   313.809    61.55   40.81
 130409.320   336.940    62.89   42.67
 130777.202   352.877    43.32   49.17
 131145.159   375.408    61.24   49.47
 131513.191   403.671    76.80   57.50
 131881.297   435.379    86.14   56.62
 132249.479   463.011    75.06   45.15
 132617.736   472.884    26.81   41.97
 132986.068   458.692   -38.53   55.67
 133354.475   428.936   -80.78   64.22
 133722.958   385.748  -117.21   61.90
 134091.515   352.490   -90.25   55.28
 134460.148   314.468  -103.15   42.57
 134828.857   292.097   -60.68   32.49
 135197.640   277.660   -39.15   23.84
 135566.500   271.011   -18.03   29.28
 135935.434   271.645     1.72   38.26
 136304.445   271.033    -1.66   37.92
 136673.531   272.379     3.65   32.18
 137042.692   287.196    40.14   38.31
 137411.929   316.512    79.40   43.99
 137781.242   355.256   104.92   45.89
 138150.631   393.142   102.57   46.02
 138520.096   431.523   103.89   48.81
 138889.636   464.703    89.80   41.57
 139259.252   480.726    43.35   39.26
 139628.945   472.748   -21.58   58.92
 139998.713   441.422   -84.73   79.53
 140368.557   390.964  -136.44   82.24
 140738.478   336.918  -146.12   69.24
 141108.474   295.437  -112.12   56.44
 141478.547   243.845  -139.42   61.80
 141848.696   192.331  -139.19   63.64
 142218.921   151.694  -109.77   48.78
 142589.223   123.819   -75.28   19.48
 142959.601   117.059   -18.26    2.94
 143330.056   119.017     5.29    4.01
 143700.587   121.627     7.04    4.42
 144071.194   126.633    13.51    6.44
 144441.878   135.703    24.47   13.87
 144812.639   148.887    35.56   22.45
 145183.476   173.985    67.68   36.69
 145554.390   203.649    79.98   43.86
 145925.381   235.803    86.68   47.48
 146296.449   258.358    60.79   42.41
 146667.593   284.331    69.99   50.13
 147038.814   301.575    46.46   61.00
 147410.113   318.384    45.27   74.42
 147781.488   331.586    35.55   75.78
 148152.940   346.341    39.73   80.34
 148524.470   353.299    18.73   76.48
 148896.076   370.358    45.91   69.78
 149267.760   382.690    33.18   66.92
 149639.521   392.434    26.21   63.20
 150011.359   397.206    12.83   67.03
 150383.275   406.667    25.44   70.41
 150755.268   435.542    77.63   86.53
 151127.338   454.056    49.77   93.32
 151499.486   466.259    32.79   91.23
 151871.712   483.088    45.22   76.56
 152244.015   492.639    25.66   59.03
 152616.395   510.092    46.87   56.19
 152988.853   528.916    50.54   55.02
 153361.389   534.618    15.31   52.02
 153734.003   519.001   -41.92   57.43
 154106.695   482.745   -97.29   69.38
 154479.464   420.618  -166.68   69.62
 154852.311   378.980  -111.69   50.28
 155225.236   357.576   -57.40   31.33
 155598.240   362.373    12.86   33.59
 155971.321   389.929    73.87   44.83
 156344.480   424.980    93.94   50.89
 156717.718   457.804    87.95   45.07
 157091.034   476.926    51.23   31.42
 157464.428   483.130    16.62   29.32
 157837.900   481.334    -4.81   33.31
 158211.450   479.479    -4.97   31.04
 158585.079   486.264    18.16   26.76
 158958.787   484.590    -4.48   26.07
 159332.573   480.332   -11.39   22.93
 159706.437   478.127    -5.90   15.48
 160080.380   479.522     3.73   13.20
 160454.402   490.099    28.28   17.53
 160828.502   506.235    43.14   22.89
 161202.681   524.275    48.22   31.01
 161576.939   551.512    72.78   41.12
 161951.276   572.192    55.25   41.38
 162325.691   583.448    30.06   34.76
 162700.186   582.416    -2.76   34.12
 163074.759   569.586   -34.26   37.89
 163449.412   554.724   -39.67   44.05
 163824.143   530.777   -63.91   52.95
 164198.954   497.238   -89.49   52.59
 164573.844   465.221   -85.41   47.40
 164948.813   433.427   -84.80   38.21
 165323.861   420.290   -35.03   29.27
 165698.989   427.006    17.90   35.61
 166074.196   444.903    47.70   42.43
 166449.483   460.101    40.50   38.38
 166824.849   473.950    36.90   32.89
 167200.294   487.648    36.49   32.90
 167575.819   510.058    59.68   39.97
 167951.424   552.841   113.92   64.44
 168327.108   594.001   109.57   59.40
 168702.872   626.480    86.44   47.23
 169078.716   657.901    83.61   41.77
 169454.640   664.460    17.45   39.32
 169830.644   661.762    -7.18   41.73
 170206.727   648.295   -35.81   44.48
 170582.891   631.347   -45.06   39.63
 170959.134   622.227   -24.24   41.30
 171335.458   602.973   -51.17   50.45
 171711.861   570.740   -85.64   52.54
 172088.345   542.116   -76.04   44.81
 172464.909   512.667   -78.21   29.74
 172841.554   500.446   -32.45   19.74
 173218.279   499.132    -3.49   25.58
 173595.084   504.884    15.27   34.49
 173971.969   516.280    30.24   40.32
 174348.935   537.077    55.18   47.35
 174725.982   548.343    29.88   47.69
 175103.109   559.307    29.08   44.61
 175480.317   565.671    16.87   41.99
 175857.605   559.694   -15.84   38.17
 176234.974   549.375   -27.35   36.63
 176612.424   537.969   -30.22   34.90
 176989.955   526.628   -30.04   30.48
 177367.567   527.054     1.13   34.70
 177745.259   522.315   -12.55   35.08
 178123.033   519.628    -7.11   31.30
 178500.888   508.182   -30.30   27.33
 178878.823   490.490   -46.82   33.35
 179256.840   469.343   -55.95   31.41
 179634.939   453.375   -42.24   21.38
 180013.118   440.417   -34.27   12.97
 180391.379   432.309   -21.44   16.02
 180769.721   424.692   -20.14   17.75
 181148.144   419.806   -12.91   16.35
 181526.649   419.711    -0.25   17.67
 181905.235   422.659     7.79   18.63
 182283.903   421.331    -3.51   18.07
 182662.653   416.714   -12.19   15.48
 183041.484   411.501   -13.76   11.39
 183420.397   409.532    -5.20   11.21
 183799.392   410.928     3.68   14.10
 184178.468   415.363    11.70   14.37
 184557.627   416.426     2.81   14.83
 184936.867   410.764   -14.93   16.79
 185316.189   400.552   -26.92   18.05
 185695.594   393.869   -17.62   13.16
 186075.080   395.777     5.03   15.86
 186454.649   408.011    32.24   21.06
 186834.300   418.743    28.27   17.50
 187214.033   426.711    20.99   15.58
 187593.848   433.886    18.89   21.30
 187973.746   438.980    13.41   28.28
 188353.726   441.782     7.38   32.26
 188733.788   440.189    -4.19   29.46
 189113.933   437.563    -6.91   23.18
 189494.161   435.350    -5.82   17.49
 189874.471   439.917    12.01   19.48
 190254.864   450.948    29.00   27.00
 190635.339   474.185    61.08   34.55
 191015.898   504.114    78.65   37.49
 191396.539   538.865    91.31   38.88
 191777.263   552.863    36.77   34.51
 192158.070   541.311   -30.34   41.38
 192538.960   516.745   -64.50   42.85
 192919.933   490.105   -69.94   32.06
 193300.989   472.655   -45.80   26.23
 193682.128   464.022   -22.65   24.66
 194048.900   461.099    -7.97   24.42
 194414.323   459.772    -3.63   30.46
 194779.822   455.288   -12.27   30.99
 195145.396   444.437   -29.69   34.26
 195511.045   433.386   -30.23   31.44
 195876.770   421.838   -31.58   27.52
 196242.570   414.595   -19.80   31.06
 196608.446   410.957    -9.94   31.30
 196974.397   406.132   -13.19   30.48
 197340.424   400.985   -14.06   28.12
 197706.527   388.964   -32.84   23.85
 198072.706   378.605   -28.29   23.42
 198438.960   368.584   -27.36   17.06
 198805.290   364.356   -11.54   13.24
 199171.696   364.690     0.91   12.82
 199538.177   366.336     4.49   13.54
 199904.735   365.512    -2.25   14.85
 200271.369   356.735   -23.94   17.04
 200638.079   356.139    -1.62   18.80
 201004.865   374.884    51.11   45.59
 201371.727   422.709   130.38   90.17
 201738.665   506.765   229.10  115.00
 202105.679   574.563   184.76   93.87
 202472.770   618.367   119.34   56.28
 202839.937   633.944    42.43   59.49
 203207.181   629.511   -12.07   70.39
 203574.501   629.938     1.16   70.32
 203941.897   634.448    12.28   55.85
 204309.370   631.669    -7.56   41.50
 204676.919   613.459   -49.55   43.32
 205044.545   592.802   -56.20   49.95
 205412.248   558.428   -93.50   52.99
 205780.028   520.579  -102.93   49.96
 206147.884   491.647   -78.66   38.56
 206515.817   479.675   -32.54   24.86
 206883.827   484.834    14.02   23.43
 207251.913   499.554    40.00   26.20
 207620.077   517.311    48.24   25.62
 207988.318   530.563    35.99   27.76
 208356.636   539.909    25.38   30.47
 208725.030   543.150     8.80   28.10
 209093.502   541.729    -3.86   26.75
 209462.052   532.419   -25.26   30.09
 209830.678   511.479   -56.81   31.01
 210199.382   490.253   -57.58   24.61
 210568.163   478.090   -32.99   18.06
 210937.021   469.147   -24.25   17.76
 211305.957   460.806   -22.61   18.46
 211674.970   451.722   -24.62   14.60
 212044.061   448.511    -8.70    9.55
 212413.230   454.740    16.88   14.03
 212782.476   469.460    39.87   20.79
 213151.799   491.707    60.25   27.47
 213521.201   520.387    77.65   38.18
 213890.680   554.044    91.11   42.43
 214260.237   575.511    58.10   37.44
 214629.872   575.375    -0.37   35.43
 214999.585   557.042   -49.59   39.14
 215369.376   537.353   -53.25   36.31
 215739.244   524.238   -35.47   21.24
 216109.191   531.429    19.44   27.26
 216479.216   545.610    38.33   32.89
 216849.319   556.429    29.24   39.83
 217219.501   568.186    31.76   45.29
 217589.760   574.909    18.16   40.12
 217960.098   580.273    14.49   35.02
 218330.514   605.037    66.87   46.90
 218701.009   629.248    65.36   53.68
 219071.582   657.032    74.99   51.54
 219442.234   674.761    47.84   46.91
 219812.964   679.890    13.84   41.48
 220183.773   663.751   -43.53   57.00
 220554.660   636.651   -73.08   62.56
 220925.626   613.595   -62.16   46.45
 221296.671   606.620   -18.80   45.02
 221667.795   634.103    74.06   64.75
 222038.997   664.767    82.62   69.15
 222410.279   687.240    60.54   68.95
 222781.639   711.512    65.37   69.73
 223153.079   727.356    42.66   52.84
 223524.597   733.396    16.26   47.64
 223896.195   726.635   -18.20   62.70
 224267.871   711.105   -41.79   69.98
 224639.627   678.459   -87.83   71.56
 225011.462   650.313   -75.71   71.09
 225383.377   620.272   -80.79   49.78
 225755.371   611.470   -23.66   46.19
 226127.444   608.819    -7.12   53.19
 226499.596   600.834   -21.46   58.14
 226871.829   580.512   -54.60   60.76
 227244.140   556.368   -64.86   55.84
 227616.532   540.013   -43.93   39.71
 227989.002   536.915    -8.32   38.70
