# NaN NaN NaN ;Mean Elev.(m), Avg Gradient(m/km), RMS Gradient(m/km) - SRTM1     
#  -11.203   7.237  41.453 ;Mean Elev.(m), Avg Gradient(m/km), RMS Gradient(m/km) - ASTER GDEM
#   11.010   7.067  40.529 ;Mean Elev.(m), Avg Gradient(m/km), RMS Gradient(m/km) - GMTED2010 
  8     8.426 52486.38241287 17.95 173.204313  65.506341  9.247
  8     8.434 52486.38241352 23.97 173.201233  65.509441  9.247
  9     6.733 52521.38238116 23.18 173.206958  65.507993 24.030
  9     6.402 52521.38238181 29.88 173.203878  65.511093 24.030
 10     6.824 52556.38243134 43.94 173.191627  65.501269 20.543
 10     6.912 52556.38243199 43.62 173.188537  65.504369 20.543
 11     7.064 52591.38242356 17.23 173.201396  65.502836  4.831
 11     7.573 52591.38242421 16.63 173.198316  65.505936  4.831
 13     8.793 52661.38238800  9.32 173.202056  65.504138  2.816
 13    12.908 52661.38238864  9.21 173.198976  65.507238  2.816
 14     6.951 52696.38236580  9.67 173.192411  65.499955  2.554
 14    12.634 52696.38236644  8.93 173.189331  65.503045  2.554
 15     9.452 52731.38239285  6.72 173.208396  65.505465  3.196
 15    10.761 52731.38239350  7.43 173.205316  65.508555  3.196
 16     6.123 52766.38240239 28.93 173.209683  65.505416  8.052
 16     6.605 52766.38240303 28.92 173.206593  65.508516  8.052
 16    10.493 52766.38240368 27.26 173.203513  65.511616  8.052
 17    11.468 52801.38240276 13.28 173.193936  65.498483 16.287
 17    11.707 52801.38240341 14.96 173.190846  65.501583 16.287
 17    11.728 52801.38240405 20.28 173.187766  65.504683 16.287
 20     6.344 52906.38250636 44.85 173.204810  65.507155 11.155
 20     6.567 52906.38250701 41.86 173.201730  65.510255 11.155
 23     7.631 53011.38248914  9.70 173.201436  65.503955  2.707
 23    15.539 53011.38248979  9.37 173.198356  65.507055  2.707
 24     6.574 53046.38245347  9.24 173.194340  65.499457  3.349
 24     6.203 53046.38245412 10.35 173.191260  65.502557  3.349
 26     9.048 53116.38245869  7.46 173.190103  65.500458  2.596
 26    12.758 53116.38245933  7.46 173.187023  65.503548  2.596
 32     6.429 53326.38248488 18.95 173.204938  65.506852  4.905
 32     6.085 53326.38248553 19.53 173.201858  65.509952  4.905
 33     8.143 53361.38244206  9.61 173.212315  65.507062  2.519
 33     8.768 53361.38244271  9.85 173.209225  65.510162  2.519
 34     7.603 53396.38246165  6.40 173.193779  65.501725  2.101
 34     7.835 53396.38246229  6.62 173.190689  65.504825  2.101
 35     9.159 53431.38245448  6.14 173.209689  65.508628  2.011
 35    10.035 53431.38245512  6.25 173.206609  65.511718  2.011
 36     8.118 53466.38248488  4.10 173.195157  65.498662  1.919
 36     9.548 53466.38248552  4.64 173.192067  65.501762  1.919
 36    10.402 53466.38248617  4.84 173.188987  65.504852  1.919
 41   136.186 53641.38248732  1.31 173.193325  65.498071  2.326
 41   139.435 53641.38248796  4.60 173.190235  65.501171  2.326
 41   160.276 53641.38248861  1.94 173.187155  65.504271  2.326
 43     6.217 53711.38243712 19.86 173.214998  65.507141  5.323
 43     6.232 53711.38243776 19.10 173.211918  65.510241  5.323
 44     6.480 53746.38234743 12.57 173.191085  65.500590  3.123
 44     6.546 53746.38234807 12.89 173.188005  65.503690  3.123
 45     8.264 53781.38237891  8.89 173.206715  65.504584  2.587
 45    15.200 53781.38237956  8.75 173.203625  65.507684  2.587
 46     8.842 53816.38234683  6.12 173.219634  65.508349  2.212
 46    11.566 53816.38234748  6.12 173.216554  65.511449  2.212
 46    12.370 53816.38234812  6.53 173.213474  65.514549  2.212
 47     8.896 53851.38241522  5.00 173.191951  65.499879  2.254
 47     8.194 53851.38241587  5.18 173.188871  65.502969  2.254
 49    12.713 53921.38249329 12.08 173.195922  65.499407 17.422
 49    11.554 53921.38249393 16.33 173.192832  65.502497 17.422
 52     6.156 54026.38247540 29.27 173.194977  65.500763 12.360
 52     6.228 54026.38247604 28.05 173.191897  65.503863 12.360
 53     7.858 54061.38246923 16.56 173.206778  65.505717  3.999
 53     8.553 54061.38246987 15.66 173.203698  65.508817  3.999
 54     9.199 54096.38244218  9.79 173.210585  65.507434  2.451
 54    12.485 54096.38244282  9.38 173.207505  65.510534  2.451
 55     9.700 54131.38238982  7.35 173.193488  65.499610  2.288
 55     8.155 54131.38239047  6.94 173.190398  65.502700  2.288
 56    15.034 54166.38241461  5.29 173.204994  65.506678  1.869
 56    13.857 54166.38241525  5.53 173.201904  65.509778  1.869
 57     7.975 54201.38239316  5.51 173.194935  65.501120  1.869
 57     8.821 54201.38239381  5.60 173.191845  65.504220  1.869
 59    10.580 54271.38245046 23.71 173.203316  65.505432 11.156
 59    11.017 54271.38245111 31.67 173.200226  65.508532 11.156
 63     6.070 54411.38238077 32.27 173.203201  65.504638 11.773
 63     5.962 54411.38238141 32.99 173.200121  65.507738 11.773
 64     6.354 54446.38235127 19.64 173.193781  65.500181  4.350
 64     6.371 54446.38235191 20.17 173.190701  65.503281  4.350
 66     7.111 54516.38236563  9.80 173.194318  65.501701  3.071
 66     7.444 54516.38236628  9.85 173.191228  65.504791  3.071
 67    14.846 54551.38238572 11.53 173.207471  65.506668  4.656
 67    15.419 54551.38238637 10.61 173.204391  65.509758  4.656
 70    10.454 54656.38239036 14.09 173.201899  65.503648 14.119
 70    17.353 54656.38239100 14.44 173.198809  65.506748 14.119
 71     8.021 54691.38237539 24.93 173.204227  65.506749 14.108
 71     7.788 54691.38237604 39.80 173.201137  65.509849 14.108
 73     6.284 54761.38235171 29.94 173.202607  65.504127 10.569
 73     6.655 54761.38235235 28.88 173.199527  65.507227 10.569
 74     5.746 54796.38233478 16.61 173.191195  65.500173  3.410
 74     6.367 54796.38233543 16.20 173.188105  65.503263  3.410
 76    14.266 54866.38233001  7.11 173.195531  65.500293  2.578
 76    12.792 54866.38233066  6.65 173.192451  65.503383  2.578
 77     9.351 54901.38235140  5.76 173.205026  65.505912  2.685
 77     9.882 54901.38235204  5.93 173.201946  65.509012  2.685
 81     9.067 55041.38236091 21.42 173.203001  65.504184 15.763
 81     9.517 55041.38236156 27.29 173.199911  65.507274 15.763
 82     9.517 55076.38234184 19.36 173.208275  65.504969 26.841
 82    11.725 55076.38234248 19.88 173.205195  65.508069 26.841
 82     9.505 55076.38234313 32.39 173.202105  65.511169 26.841
 83     6.162 55111.38229285 41.04 173.198862  65.500682 21.311
 83     6.909 55111.38229349 44.38 173.195772  65.503782 21.311
 85     7.552 55181.38227103  8.11 173.193973  65.499265  1.974
 85     7.682 55181.38227168  8.61 173.190883  65.502355  1.974
 86     8.763 55216.38228990  7.43 173.205303  65.504174  2.718
 86    13.336 55216.38229054  7.28 173.202223  65.507274  2.718
 87    12.253 55251.38226778  6.09 173.198089  65.501058  2.245
 87     8.115 55251.38226843  6.71 173.195009  65.504148  2.245
 88     9.084 55286.38228381  5.80 173.207683  65.505295  2.453
 88    12.516 55286.38228445  6.27 173.204603  65.508395  2.453
 89     6.485 55321.38225820 14.06 173.201512  65.504089 12.216
 89     6.433 55321.38225884 23.12 173.198422  65.507179 12.216
 92     8.048 55426.38227472 15.73 173.203097  65.503731 10.097
 92     8.262 55426.38227536 16.69 173.200007  65.506831 10.097
