# NaN NaN NaN ;Mean Elev.(m), Avg Gradient(m/km), RMS Gradient(m/km) - SRTM1     
#  -19.936   0.352   4.489 ;Mean Elev.(m), Avg Gradient(m/km), RMS Gradient(m/km) - ASTER GDEM
#    1.362  -0.379   3.106 ;Mean Elev.(m), Avg Gradient(m/km), RMS Gradient(m/km) - GMTED2010 
  8 173.710033  64.988317     4.293     4.671  3 52486.38230521 18.559
  9 173.714106  64.988419     3.317     3.006  4 52521.38227318 26.771
 10 173.689996  64.991054     0.518     0.522  4 52556.38232530 46.106
 11 173.702573  64.989487     0.477     0.438  4 52591.38231687 24.585
 13 173.704801  64.989240     1.736     1.782  3 52661.38228098 13.936
 14 173.687961  64.992859     2.187     2.180  4 52696.38226039 13.545
 15 173.714143  64.987459     1.087     1.134  3 52731.38228519 11.189
 16 173.715123  64.987367     0.331     0.324  3 52766.38229473 31.839
 17 173.689405  64.991390     3.936     4.130  4 52801.38229736 22.298
 18 173.696306  64.990658     3.366     3.335  4 52836.38236345 21.310
 19 173.704178  64.989025     1.760     0.534  4 52871.38240363 33.318
 20 173.712058  64.987587     3.360     3.745  4 52906.38239838 25.952
 23 173.704119  64.989054     1.175     1.007  3 53011.38238213 14.464
 24 173.689743  64.992345     1.617     1.747  4 53046.38234807 13.776
 25 173.702216  64.989252     1.587     1.564  3 53081.38238153 12.198
 26 173.688511  64.990245     0.481     0.435  4 53116.38235264 17.208
 27 173.695356  64.990860     1.848     1.856  4 53151.38240072 46.030
 28 173.710903  64.988344     2.126     2.117  4 53186.38238585 52.897
 29 173.710853  64.988553     4.137     4.082  4 53221.38241227 23.407
 30 173.713731  64.987756     3.815     3.942  4 53256.38238844 32.500
 32 173.712209  64.987295    -0.216    -0.185  4 53326.38237690 26.211
 33 173.719429  64.987486     0.241     0.255  4 53361.38233408 20.729
 34 173.692205  64.991513     0.813     0.765  4 53396.38235560 14.719
 35 173.718343  64.987498     0.581     0.529  3 53431.38234617 14.159
 36 173.690564  64.991567     1.784     1.703  4 53466.38237947 11.398
 37 173.697152  64.990338     4.589     4.345  4 53501.38243575 19.031
 38 173.709213  64.988344     4.822     4.059  3 53536.38242545 24.734
 39 173.702564  64.989552     3.563     3.835  3 53571.38243297 22.697
 40 173.720834  64.987402     4.695     4.823  3 53606.38238029 21.105
 41 173.688713  64.990967     4.160     4.120  4 53641.38238191 20.877
 42 173.697849  64.990483     0.721     0.724  4 53676.38240085 27.252
 43 173.722055  64.987554     0.595     0.513  4 53711.38232913 14.029
 44 173.688174  64.991965     1.129     1.125  5 53746.38224170 12.713
 45 173.710953  64.988134     1.142     1.192  4 53781.38227157 25.691
 46 173.728069  64.987185     1.363     1.397  3 53816.38223853  8.530
 47 173.687365  64.992763     1.896     1.992  4 53851.38230982  6.616
 48 173.711698  64.988474     4.671     4.708  4 53886.38231604 46.582
 49 173.692613  64.990692     4.140     4.291  3 53921.38238756 18.164
 50 173.698681  64.989836     3.202     2.883  4 53956.38238374 24.310
 51 173.688450  64.989699     1.432     1.439  3 53991.38230391 44.674
 52 173.693432  64.990548     0.970     0.954  4 54026.38236935 25.156
 53 173.712548  64.987725     0.974     0.997  3 54061.38236157 19.227
 54 173.717643  64.987858     1.043     1.009  4 54096.38233420 15.321
 55 173.688967  64.992505     2.144     2.091  4 54131.38228442 14.284
 56 173.710660  64.988660     1.269     1.248  3 54166.38230695 10.793
 57 173.693342  64.990917     1.657     1.728  4 54201.38228711  9.120
 58 173.701826  64.990114     4.780     4.739  4 54236.38232297 25.720
 59 173.707589  64.988962     3.556     3.133  4 54271.38234313 26.854
 60 173.704848  64.988602     2.406     1.784  4 54306.38234557 26.644
 61 173.714769  64.988333     3.123     2.922  4 54341.38232654 28.401
 62 173.699821  64.988788     0.894     0.898  4 54376.38228044 50.324
 63 173.707426  64.988187     0.931     0.923  4 54411.38227343 37.647
 64 173.692231  64.989980     1.092     1.099  4 54446.38224522 20.399
 65 173.706389  64.988889     0.781     0.746  4 54481.38226538 15.105
 66 173.692779  64.991502     1.473     1.531  4 54516.38225959 11.613
 67 173.714602  64.987092     0.641     0.630  4 54551.38227774  9.179
 68 173.701730  64.989729     1.566     1.705  3 54586.38225487  7.122
 69 173.705659  64.988596     4.578     4.449  4 54621.38227332 27.553
 70 173.704625  64.988744     4.863     5.018  3 54656.38228334 20.338
 71 173.709952  64.988732     3.685     3.059  3 54691.38226773 20.346
 72 173.696166  64.989390     1.777     0.658  4 54726.38223530 27.580
 73 173.705336  64.989237     0.115     0.111  3 54761.38224469 39.068
 74 173.686682  64.993092     1.014     0.944  4 54796.38222938 18.360
 75 173.705323  64.989088     0.628     0.646  4 54831.38224540 14.039
 76 173.693955  64.990082     1.578     1.722  4 54866.38222396 11.368
 77 173.710669  64.987905     1.153     1.117  3 54901.38224374  9.475
 78 173.699965  64.988890     1.554     1.561  4 54936.38221406  8.764
 79 173.703499  64.988862     0.660     0.680  3 54971.38224674 39.103
 80 173.704865  64.988745     3.373     3.103  4 55006.38226554 24.951
 81 173.705767  64.989281     1.621     1.625  3 55041.38225390 51.575
 82 173.712406  64.988486     1.366     1.366  4 55076.38223450 50.183
 83 173.697198  64.990465     0.528     0.519  4 55111.38218680 44.940
 84 173.704745  64.989411     0.236     0.172  4 55146.38218843 27.615
 85 173.689423  64.992165     1.386     1.398  4 55181.38216563 18.282
 86 173.709481  64.987715     1.057     1.089  4 55216.38218256 14.569
 87 173.696473  64.990855     1.014     0.750  4 55251.38216173 12.462
 88 173.711790  64.988824     0.870     0.862  4 55286.38217647 11.105
 89 173.704266  64.989166     0.497     0.441  3 55321.38215118 36.959
 90 173.706233  64.989092     3.507     3.476  4 55356.38215105 49.406
 91 173.696578  64.989973     1.915     1.006  4 55391.38215258 32.299
 92 173.705856  64.988823     0.570     0.595  3 55426.38216770 38.326
 93 173.716553  64.988030     3.576     3.812  4 55461.38213413 28.123
