-167388.748   279.343     0.00   20.32
-167016.950   287.246    21.25   24.98
-166645.082   300.673    36.10   32.27
-166273.145   320.203    52.50   38.91
-165901.137   346.618    71.00   45.50
-165529.060   381.101    92.66   64.29
-165156.912   445.075   171.88   93.08
-164784.695   523.702   211.21  108.15
-164412.407   590.498   179.40   81.42
-164040.049   613.575    61.97   61.49
-163667.621   614.470     2.40   69.17
-163295.122   596.571   -48.05   73.11
-162922.554   559.375   -99.82   83.86
-162549.915   540.608   -50.36   88.22
-162177.206   519.884   -55.60   93.03
-161804.426   523.980    10.99  106.37
-161431.576   549.572    68.63  102.33
-161058.655   581.043    84.38   97.43
-160685.664   618.957   101.64  104.48
-160312.602   669.538   135.57   96.82
-159939.470   689.474    53.42   84.36
-159566.267   676.108   -35.81   87.44
-159192.993   633.445  -114.28   84.45
-158819.649   591.413  -112.57   79.38
-158446.234   546.748  -119.60   92.56
-158072.748   492.445  -145.38   95.40
-157699.191   442.470  -133.77   88.49
-157325.563   399.154  -115.92   85.56
-156951.865   376.143   -61.57   77.50
-156578.095   369.769   -17.05   72.57
-156204.254   365.073   -12.56   75.05
-155830.343   391.817    71.52   88.20
-155456.360   411.968    53.88   93.78
-155082.306   432.050    53.68   86.20
-154708.181   414.631   -46.55   91.90
-154333.985   392.022   -60.41   91.50
-153959.718   367.503   -65.50   70.43
-153585.379   393.841    70.35   89.85
-153210.969   448.498   145.97   89.67
-152836.488   500.631   139.20   89.02
-152461.935   558.527   154.55   96.16
-152087.311   576.321    47.49   84.34
-151712.615   550.759   -68.21   92.02
-151337.848   487.806  -167.96  115.15
-150963.009   426.951  -162.33   94.11
-150588.099   395.287   -84.45   82.11
-150213.117   382.317   -34.58   81.53
-149838.063   410.375    74.80   78.27
-149462.937   419.748    24.98   73.75
-149087.740   434.038    38.08   74.03
-148712.471   467.089    88.06   68.37
-148337.130   494.183    72.18   70.84
-147961.717   526.503    86.08   59.97
-147586.232   550.988    65.20   45.44
-147210.676   554.875    10.35   48.79
-146835.047   532.149   -60.50   67.78
-146459.346   486.306  -122.01   86.14
-146083.573   439.416  -124.77   81.21
-145707.728   391.399  -127.74   68.47
-145331.811   366.750   -65.56   66.61
-144955.821   335.859   -82.15   62.23
-144579.759   312.884   -61.09   54.52
-144203.625   285.690   -72.29   50.11
-143827.419   264.829   -55.45   47.01
-143451.140   237.782   -71.87   41.56
-143074.789   221.572   -43.07   33.64
-142698.365   214.563   -18.62   31.67
-142321.869   216.878     6.15   42.52
-141945.300   220.050     8.42   53.35
-141568.659   223.852    10.09   68.88
-141191.945   206.063   -47.22   70.00
-140815.158   181.190   -66.01   49.43
-140438.299   160.356   -55.28   21.95
-140061.366   150.440   -26.30    6.68
-139684.361   145.896   -12.05    6.00
-139307.283   143.417    -6.57    5.14
-138930.133   142.631    -2.08    4.36
-138552.909   144.997     6.27    9.64
-138175.612   153.045    21.33   20.34
-137798.243   164.545    30.47   28.21
-137420.800   177.131    33.34   34.75
-137043.284   197.557    54.10   50.25
-136665.695   224.196    70.54   60.70
-136288.033   252.631    75.28   70.37
-135910.297   250.413    -5.87   69.87
-135532.489   231.314   -50.55   67.42
-135154.607   198.344   -87.24   53.78
-134776.651   170.869   -72.69   25.36
-134398.623   167.068   -10.05   14.57
-134020.520   179.236    32.18   26.42
-133642.345   209.096    78.95   45.97
-133264.095   254.408   119.78   55.47
-132885.773   282.859    75.20   50.81
-132507.376   290.746    20.84   46.55
-132128.906   287.043    -9.78   50.49
-131750.362   282.734   -11.38   48.06
-131371.745   275.619   -18.79   48.97
-130993.054   238.677   -97.54   66.48
-130614.288   198.178  -106.91   67.69
-130235.449   152.723  -119.97   47.60
-129856.537   125.841   -70.94   33.64
-129477.550   107.108   -49.42   26.82
-129098.489    94.560   -33.10   17.27
-128719.354    85.329   -24.34    7.96
-128340.145    81.253   -10.75    5.83
-127960.862    78.945    -6.08    6.02
-127581.505    76.334    -6.88    5.10
-127202.073    76.268    -0.17    4.78
-126822.567    77.100     2.19    5.56
-126442.987    78.876     4.68    6.33
-126063.333    81.342     6.49    7.07
-125683.604    83.484     5.64    9.35
-125303.801    81.384    -5.53   12.72
-124923.923    74.995   -16.82   15.64
-124543.971    65.907   -23.92   14.41
-124163.944    60.279   -14.81   12.49
-123783.843    56.655    -9.53   13.98
-123403.667    53.063    -9.45   14.99
-123023.416    45.143   -20.83   14.70
-122643.091    38.980   -16.20   10.79
-122262.691    37.484    -3.93    9.01
-121890.382    41.378    10.46   14.10
-121524.198    49.619    22.50   15.71
-121157.946    55.722    16.66   13.58
-120791.625    58.470     7.50   10.65
-120425.235    59.154     1.87    8.61
-120058.777    55.864    -8.98   10.10
-119692.250    52.063   -10.37   10.52
-119325.654    48.667    -9.26   11.06
-118958.989    45.506    -8.62    9.75
-118592.256    41.472   -11.00    9.40
-118225.454    36.631   -13.20    8.11
-117858.583    32.872   -10.25    6.48
-117491.643    30.234    -7.19    3.71
-117124.634    28.922    -3.57    2.40
-116757.556    28.410    -1.39    2.46
-116390.409    28.390    -0.06    2.49
-116023.193    28.484     0.26    2.75
-115655.908    28.424    -0.16    2.94
-115288.554    27.781    -1.75    2.96
-114921.131    26.870    -2.48    2.66
-114553.638    26.231    -1.74    2.00
-114186.076    26.620     1.06    1.76
-113818.445    27.131     1.39    1.85
-113450.745    27.298     0.46    1.96
-113082.975    27.248    -0.14    3.22
-112715.135    26.091    -3.14    3.77
-112347.226    25.243    -2.31    3.67
-111979.248    24.689    -1.51    3.21
-111611.200    24.107    -1.58    2.95
-111243.083    23.279    -2.25    3.10
-110874.896    21.884    -3.79    4.17
-110506.639    20.149    -4.71    3.95
-110138.313    19.474    -1.83    4.08
-109769.917    20.950     4.00    5.40
-109401.451    24.861    10.61    7.32
-109032.915    29.852    13.54    8.96
-108664.310    35.336    14.88    9.54
-108295.634    43.078    21.00    8.98
-107926.889    50.283    19.54   11.69
-107558.074    59.570    25.18   16.94
-107189.188    71.347    31.93   21.48
-106820.233    87.838    44.69   26.65
-106451.207   109.245    58.01   34.76
-106082.112   125.464    43.94   34.44
-105712.946   126.700     3.35   33.62
-105343.710   116.549   -27.49   41.52
-104974.404    93.359   -62.79   39.29
-104605.027    71.878   -58.15   23.51
-104235.580    63.768   -21.95   17.91
-103866.063    60.927    -7.69   11.77
-103496.476    63.855     7.92   10.48
-103126.818    70.564    18.15   16.58
-102757.089    79.143    23.20   22.47
-102387.290    85.206    16.39   27.32
-102017.420    90.794    15.11   27.70
-101647.480    98.279    20.23   30.49
-101277.469   118.422    54.43   44.61
-100907.387   142.631    65.41   48.95
-100537.235   158.269    42.24   40.91
-100167.012   154.969    -8.91   40.69
 -99796.718   147.167   -21.07   41.49
 -99426.353   133.063   -38.08   38.66
 -99055.917   123.211   -26.60   30.66
 -98685.411   126.666     9.32   27.10
 -98314.833   135.265    23.20   31.10
 -97944.185   159.404    65.12   35.95
 -97573.465   175.278    42.82   26.76
 -97202.674   170.097   -13.97   33.80
 -96831.812   149.666   -55.09   42.01
 -96460.879   122.234   -73.95   29.93
 -96089.875   115.329   -18.61   21.15
 -95718.799   127.735    33.43   27.41
 -95347.653   140.585    34.62   21.67
 -94976.434   138.339    -6.05   21.05
 -94605.145   125.913   -33.46   28.47
 -94233.784   102.384   -63.35   30.48
 -93862.351    82.919   -52.40   22.73
 -93490.847    67.961   -40.26   14.77
 -93119.272    59.216   -23.53   12.56
 -92747.625    51.038   -22.00   13.09
 -92375.906    45.120   -15.92   12.75
 -92004.116    38.654   -17.39    7.36
 -91632.254    38.177    -1.28    6.37
 -91260.320    49.294    29.89   20.29
 -90888.314    70.609    57.29   37.12
 -90516.237   100.078    79.20   40.36
 -90144.087   107.234    19.23   37.25
 -89771.866    98.052   -24.66   42.66
 -89399.573    74.486   -63.30   38.64
 -89027.207    56.214   -49.06   11.63
 -88654.770    68.264    32.35   26.35
 -88282.261    98.240    80.47   46.50
 -87909.679   145.919   127.96   70.54
 -87537.026   193.106   126.62   67.47
 -87164.300   229.325    97.17   56.59
 -86791.502   258.289    77.69   50.29
 -86418.631   252.203   -16.32   56.34
 -86045.689   232.476   -52.89   66.86
 -85672.673   196.097   -97.52   72.46
 -85299.586   150.306  -122.73   51.61
 -84926.426   125.991   -65.15   42.59
 -84553.193   109.265   -44.81   28.97
 -84179.888   107.459    -4.84   25.04
 -83806.511   113.357    15.80   32.48
 -83433.061   134.743    57.26   44.69
 -83059.538   155.515    55.61   48.88
 -82685.942   181.733    70.17   49.47
 -82312.274   201.619    53.22   49.65
 -81938.532   204.211     6.93   54.49
 -81564.718   205.940     4.63   60.72
 -81190.832   204.461    -3.96   57.75
 -80816.872   202.631    -4.89   49.21
 -80442.839   223.938    56.96   54.08
 -80068.733   243.782    53.04   56.83
 -79694.554   250.081    16.83   47.88
 -79320.302   230.271   -52.93   62.31
 -78945.977   186.620  -116.60   72.82
 -78571.579   143.352  -115.56   54.38
 -78197.108   104.317  -104.23   33.81
 -77822.563    82.516   -58.20   23.14
 -77447.945    64.778   -47.35   15.95
 -77073.254    54.195   -28.24   10.30
 -76698.489    47.283   -18.44    6.17
 -76323.651    48.953     4.45   16.11
 -75948.739    58.813    26.30   28.69
 -75573.754    65.459    17.72   32.58
 -75198.695    66.381     2.46   31.41
 -74823.563    66.992     1.63   28.41
 -74448.356    69.438     6.52   24.79
 -74073.077    81.057    30.96   27.94
 -73697.723   100.529    51.88   26.70
 -73322.296   109.769    24.61   26.82
 -72946.795   111.754     5.29   28.21
 -72571.220   113.678     5.12   27.94
 -72195.571   126.700    34.66   33.59
 -71819.849   140.505    36.74   30.48
 -71444.052   143.393     7.68   29.99
 -71068.181   134.748   -23.00   36.69
 -70692.236   114.984   -52.57   35.93
 -70316.217    96.838   -48.25   35.10
 -69940.124    85.276   -30.74   31.09
 -69563.957    74.126   -29.64   21.19
 -69187.715    64.154   -26.50   14.72
 -68811.399    54.748   -25.00   13.55
 -68435.009    46.554   -21.77   10.83
 -68058.544    39.027   -19.99    6.65
 -67682.005    34.325   -12.49    5.52
 -67305.391    31.643    -7.12    4.91
 -66928.703    30.950    -1.84    5.51
 -66551.941    33.282     6.19    7.49
 -66175.103    39.553    16.64   11.96
 -65798.191    49.008    25.08   14.22
 -65421.205    62.976    37.05   21.01
 -65044.143    78.393    40.88   27.54
 -64667.007    95.542    45.47   29.11
 -64289.796   105.082    25.29   22.77
 -63912.511   104.287    -2.11   21.71
 -63535.150   106.095     4.79   21.63
 -63157.714   116.643    27.94   24.73
 -62780.203   123.618    18.48   22.82
 -62402.618   113.276   -27.39   29.98
 -62024.957    99.786   -35.72   31.19
 -61647.221    91.984   -20.65   24.17
 -61269.410    89.214    -7.33   22.91
 -60891.523   105.500    43.09   29.89
 -60513.562   131.476    68.72   43.72
 -60135.525   150.245    49.65   42.87
 -59757.412   165.976    41.60   34.03
 -59379.225   172.059    16.08   37.49
 -59000.962   167.480   -12.10   39.77
 -58622.623   175.865    22.16   36.76
 -58244.209   176.965     2.91   32.37
 -57865.719   169.632   -19.37   28.43
 -57487.154   153.148   -43.54   33.48
 -57108.512   140.778   -32.67   33.91
 -56729.796   138.597    -5.76   31.50
 -56351.003   146.508    20.88   33.49
 -55972.135   162.575    42.41   28.99
 -55593.191   176.325    36.28   29.31
 -55214.170   202.965    70.28   40.80
 -54835.074   228.381    67.04   45.78
 -54455.902   250.552    58.47   36.92
 -54076.654   246.367   -11.03   38.72
 -53697.330   231.654   -38.79   50.32
 -53317.930   210.201   -56.54   49.64
 -52938.453   181.036   -76.85   46.72
 -52558.901   151.090   -78.90   44.06
 -52179.272   125.227   -68.12   36.59
 -51799.567   113.102   -31.93   29.47
 -51419.785   119.445    16.70   34.40
 -51039.927   132.278    33.78   34.28
 -50659.993   142.676    27.37   30.34
 -50279.982   153.750    29.14   33.15
 -49899.894   174.014    53.31   37.00
 -49519.730   196.384    58.84   29.48
 -49139.490   211.396    39.48   27.68
 -48759.172   222.071    28.07   28.29
 -48378.778   229.802    20.32   36.55
 -47998.307   239.953    26.68   46.51
 -47617.760   245.870    15.55   48.30
 -47240.906   242.859    -7.99   50.21
 -46874.939   224.227   -50.91   54.37
 -46508.901   200.097   -65.92   53.11
 -46142.793   174.093   -71.03   46.30
 -45776.615   150.714   -63.84   41.08
 -45410.366   132.789   -48.94   35.40
 -45044.047   118.654   -38.58   34.35
 -44677.658   104.362   -39.01   25.79
 -44311.198   101.585    -7.58   24.33
 -43944.668   111.104    25.97   29.94
 -43578.067   126.563    42.17   25.81
 -43211.396   135.552    24.51   20.73
 -42844.654   129.765   -15.78   25.08
 -42477.841   120.689   -24.74   28.22
 -42110.958   109.834   -29.59   28.57
 -41744.004    99.775   -27.41   29.98
 -41376.980    93.700   -16.55   24.69
 -41009.884    87.060   -18.09   16.44
 -40642.718    85.929    -3.08   17.63
 -40275.481    82.654    -8.92   19.78
 -39908.172    75.021   -20.78   17.67
 -39540.793    74.918    -0.28   20.88
 -39173.343    89.643    40.07   32.27
 -38805.822   112.813    63.04   44.00
 -38438.230   149.041    98.55   42.29
 -38070.566   161.755    34.58   34.53
 -37702.832   155.279   -17.61   38.30
 -37335.026   124.687   -83.17   47.02
 -36967.149    96.262   -77.27   32.40
 -36599.201   100.265    10.88   38.88
 -36231.181   116.881    45.15   45.34
 -35863.090   145.115    76.70   39.96
 -35494.928   168.066    62.34   27.95
 -35126.694   176.306    22.37   21.44
 -34758.389   174.275    -5.51   24.17
 -34390.012   162.932   -30.79   29.13
 -34021.563   144.847   -49.08   28.51
 -33653.043   124.211   -56.00   29.30
 -33284.451   108.587   -42.39   25.88
 -32915.788   108.206    -1.03   27.17
 -32547.053   121.104    34.98   35.57
 -32178.246   145.090    65.04   34.04
 -31809.367   164.328    52.15   19.13
 -31440.416   171.321    18.95    8.77
 -31071.393   168.365    -8.01   11.12
 -30702.299   161.595   -18.34   13.46
 -30333.132   156.698   -13.27   12.75
 -29963.894   152.172   -12.26   13.20
 -29594.583   148.198   -10.76   13.03
 -29225.200   143.904   -11.63   13.96
 -28855.745   132.362   -31.24   16.06
 -28486.218   120.450   -32.24   17.54
 -28116.618   111.789   -23.43   15.07
 -27746.946   107.250   -12.28   12.97
 -27377.202   102.049   -14.06    8.88
 -27007.386   101.387    -1.79    8.05
 -26637.497   100.432    -2.58    7.10
 -26267.536    95.885   -12.29    9.61
 -25897.502    89.654   -16.84   11.63
 -25527.395    85.182   -12.08    9.40
 -25157.216    82.845    -6.31    7.67
 -24786.965    83.182     0.91    8.60
 -24416.640    85.167     5.36    9.93
 -24046.243    87.014     4.99   13.91
 -23675.774    88.595     4.27   18.60
 -23305.231    88.609     0.04   20.62
 -22934.616    89.922     3.54   23.96
 -22563.927    87.852    -5.58   25.71
 -22193.166    88.957     2.98   27.05
 -21822.332    87.076    -5.07   26.69
 -21451.425    86.525    -1.49   24.84
 -21080.444    81.987   -12.23   23.01
 -20709.391    77.821   -11.23   18.09
 -20338.264    71.916   -15.91   11.76
 -19967.065    68.317    -9.69    7.65
 -19595.792    67.666    -1.75    7.25
 -19224.446    72.887    14.06   11.97
 -18853.026    81.232    22.47   17.85
 -18481.533    90.310    24.44   20.70
 -18109.967    96.699    17.20   24.73
 -17738.327   101.588    13.15   28.80
 -17366.614   101.445    -0.38   31.07
 -16994.827    96.467   -13.39   29.49
 -16622.967    95.678    -2.12   28.25
 -16251.033    94.432    -3.35   26.21
 -15879.025    98.667    11.38   29.32
 -15506.944   107.980    25.03   37.12
 -15134.789   116.238    22.19   42.80
 -14762.560   113.429    -7.55   40.91
 -14390.257   106.996   -17.28   34.39
 -14017.881    96.742   -27.54   23.29
 -13645.430    97.211     1.26   20.84
 -13272.906   120.918    63.64   49.39
 -12900.307   167.373   124.68   81.41
 -12527.635   232.665   175.20   97.25
 -12154.888   298.071   175.47   77.57
 -11782.067   336.098   102.00   42.46
 -11409.173   336.991     2.39   36.28
 -11036.203   298.410  -103.44   62.14
 -10663.160   245.518  -141.78   71.15
 -10290.042   180.766  -173.54   68.96
  -9916.850   134.313  -124.47   55.79
  -9543.583    94.543  -106.55   35.21
  -9170.242    73.521   -56.31   27.62
  -8796.827    54.874   -49.94   22.21
  -8423.337    42.032   -34.38   18.00
  -8049.772    30.165   -31.77   15.02
  -7676.133    19.532   -28.46   11.15
  -7302.419    12.343   -19.24    6.79
  -6928.631    10.965    -3.69    8.60
  -6554.767    12.988     5.41   11.41
  -6180.829    14.995     5.37   10.97
  -5806.816    16.965     5.27    8.23
  -5432.728    16.087    -2.35    6.25
  -5058.565    14.102    -5.31    5.01
  -4684.327    11.092    -8.04    5.50
  -4310.015     7.961    -8.37    4.69
  -3935.627     5.676    -6.10    2.93
  -3561.164     3.934    -4.65    1.89
  -3186.625     3.393    -1.44    2.12
  -2812.012     3.782     1.04    2.29
  -2437.323     5.291     4.03    4.53
  -2062.559     9.083    10.12    7.23
  -1687.720    12.904    10.19    7.13
  -1312.805    13.492     1.57    7.09
   -937.815     9.252   -11.31    9.08
   -562.749     3.538   -15.23    6.33
   -187.608     0.632    -7.75    2.10
    187.608     0.294    -0.90    1.33
    562.901     0.295     0.00    1.30
    938.269     0.250    -0.12    1.15
   1313.712     0.043    -0.55    1.04
   1689.232    -0.190    -0.62    0.95
   2064.827    -0.027     0.43    1.54
   2440.498     1.538     4.17    4.68
   2816.245     4.643     8.26    7.95
   3192.068     9.417    12.70   10.49
   3567.967    14.868    14.50   11.22
   3943.942    20.869    15.96    9.75
   4319.992    24.676    10.12    6.95
   4696.120    28.248     9.50    3.75
   5072.323    31.379     8.32    5.96
   5448.602    35.172    10.08    7.25
   5824.958    40.698    14.68    9.55
   6201.390    46.560    15.57    7.27
   6577.898    48.828     6.02    5.42
   6954.483    51.329     6.64    7.42
   7331.144    53.099     4.70    8.57
   7707.881    54.073     2.58    8.94
   8084.696    57.621     9.42   10.25
   8461.586    62.015    11.66   10.57
   8838.554    63.186     3.11    9.59
   9215.598    65.085     5.03    6.91
   9592.718    64.654    -1.14    4.37
   9969.916    63.213    -3.82    3.91
  10347.190    62.686    -1.39    4.11
  10724.541    62.250    -1.16    4.02
  11101.969    62.544     0.78    3.80
  11479.474    64.208     4.41    4.08
  11857.056    67.860     9.67    7.45
  12234.715    73.008    13.63    9.27
  12612.451    82.510    25.16   12.87
  12990.264    89.905    19.57   12.74
  13368.155    97.396    19.82   14.01
  13746.122   105.802    22.24   14.09
  14124.167   112.865    18.68   16.90
  14502.289   115.585     7.19   16.81
  14880.489   113.110    -6.54   15.13
  15258.766   103.922   -24.29   15.50
  15637.120    92.089   -31.28   14.44
  16015.552    81.041   -29.19   12.30
  16394.062    73.121   -20.92    8.72
  16772.649    67.980   -13.58    5.33
  17151.313    67.709    -0.72    6.10
  17530.056    68.987     3.38    6.75
  17908.876    68.808    -0.47    7.35
  18287.774    66.665    -5.66    8.03
  18666.750    64.732    -5.10    6.57
  19045.803    65.288     1.47    7.60
  19424.935    67.898     6.89    9.09
  19804.144    69.901     5.28    9.06
  20183.432    72.032     5.62    9.44
  20562.798    75.502     9.15   10.48
  20942.241    76.287     2.07   10.39
  21321.763    77.276     2.61    9.88
  21701.364    79.598     6.12    8.88
  22081.042    83.621    10.60   15.02
  22460.799    88.689    13.35   19.96
  22840.634    92.208     9.27   19.47
  23220.547    94.575     6.23   17.87
  23600.539    94.534    -0.11   15.42
  23980.610    95.508     2.56   14.87
  24360.759    96.412     2.38   14.03
  24740.986    98.250     4.83   13.67
  25121.293   105.773    19.78   14.97
  25501.678   116.643    28.58   12.12
  25882.141   127.643    28.91   11.04
  26262.684   135.282    20.08    8.71
  26643.305   138.132     7.49    8.39
  27024.006   137.736    -1.04   11.81
  27404.785   135.925    -4.75   15.28
  27771.519   134.561    -3.72   19.41
  28137.335   137.328     7.56   20.91
  28503.222   141.036    10.14   22.20
  28869.181   140.599    -1.19   20.99
  29235.212   134.148   -17.62   19.53
  29601.315   127.754   -17.47   18.55
  29967.491   120.765   -19.09   16.13
  30333.738   111.256   -25.96   12.33
  30700.058   105.078   -16.87   14.22
  31066.450    97.759   -19.97   15.19
  31432.914    87.753   -27.31   14.10
  31799.450    77.678   -27.49   11.70
  32166.059    70.415   -19.81   10.19
  32532.740    62.778   -20.83    7.88
  32899.494    58.773   -10.92    6.83
  33266.320    55.754    -8.23    6.08
  33633.218    54.254    -4.09    6.17
  34000.189    53.654    -1.64    6.16
  34367.233    55.045     3.79    5.74
  34734.350    55.165     0.33    5.43
  35101.539    56.137     2.65    4.22
  35468.801    57.806     4.54    5.27
  35836.135    65.724    21.56   15.62
  36203.543    80.045    38.98   24.80
  36571.023    93.551    36.75   24.48
  36938.576   107.643    38.34   18.83
  37306.202   116.245    23.40   17.57
  37673.902   118.610     6.43   21.49
  38041.674   120.398     4.86   20.06
  38409.519   124.815    12.01   16.76
  38777.437   128.099     8.93   10.55
  39145.429   126.901    -3.26    7.12
  39513.494   125.871    -2.80    8.02
  39881.632   126.271     1.09    9.39
  40249.843   131.567    14.38   12.75
  40618.128   141.367    26.61   16.50
  40986.486   150.750    25.47   24.36
  41354.917   156.731    16.23   27.71
  41723.422   154.709    -5.49   28.32
  42092.001   144.428   -27.89   27.08
  42460.653   124.910   -52.95   22.29
  42829.379   111.523   -36.31   19.71
  43198.178   108.018    -9.51   18.24
  43567.051   111.925    10.59   18.44
  43935.998   125.516    36.84   18.32
  44305.018   142.165    45.12   18.86
  44674.112   159.957    48.21   23.40
  45043.280   179.480    52.89   27.66
  45412.523   198.243    50.82   23.94
  45781.839   209.241    29.78   16.89
  46151.229   211.310     5.60   15.10
  46520.693   201.262   -27.19   22.88
  46890.231   185.418   -42.88   27.49
  47259.843   168.241   -46.48   22.19
  47629.530   161.012   -19.55   14.07
  47999.290   170.396    25.38   25.94
  48369.125   188.589    49.19   35.99
  48739.035   211.143    60.97   48.03
  49109.018   231.339    54.59   55.36
  49479.076   236.734    14.58   57.97
  49849.209   231.224   -14.89   56.40
  50219.416   224.631   -17.81   50.97
  50589.697   221.127    -9.46   46.95
  50960.053   218.103    -8.17   43.43
  51330.484   207.191   -29.46   48.24
  51700.989   184.265   -61.88   55.77
  52071.569   154.828   -79.44   52.61
  52442.224   135.159   -53.07   32.66
  52812.953   132.523    -7.11   23.64
  53183.758   148.368    42.73   30.36
  53554.637   176.203    75.05   33.28
  53925.591   198.991    61.43   34.50
  54296.621   233.497    93.00   46.04
  54667.725   268.893    95.38   57.18
  55038.904   310.346   111.68   57.59
  55410.159   340.360    80.85   52.63
  55781.488   352.275    32.09   53.73
  56152.893   343.600   -23.36   59.09
  56524.373   329.329   -38.42   51.38
  56895.928   336.049    18.09   49.95
  57267.559   358.201    59.61   51.88
  57639.265   389.245    83.52   60.46
  58011.047   420.677    84.55   72.47
  58382.904   444.393    63.78   73.39
  58754.836   444.154    -0.64   67.53
  59126.844   413.697   -81.88   71.49
  59498.928   367.734  -123.53   63.41
  59871.087   323.417  -119.09   48.73
  60243.322   298.148   -67.89   38.79
  60615.633   279.643   -49.71   39.64
  60988.020   256.576   -61.95   40.56
  61360.482   224.922   -84.99   44.70
  61733.020   197.720   -73.02   35.79
  62105.635   189.051   -23.26   36.00
  62478.325   202.512    36.12   53.03
  62851.091   229.368    72.05   58.07
  63223.934   253.866    65.71   55.78
  63596.852   273.432    52.47   50.52
  63969.847   292.469    51.04   42.77
  64342.917   307.724    40.89   35.12
  64716.065   317.762    26.90   28.87
  65089.288   311.724   -16.18   30.05
  65462.588   295.730   -42.85   26.10
  65835.964   281.434   -38.29   22.65
  66209.416   265.925   -41.53   23.01
  66582.946   249.294   -44.53   26.62
  66956.551   231.249   -48.30   26.88
  67330.233   216.002   -40.80   20.39
  67703.992   209.217   -18.15   18.98
  68077.828   206.165    -8.17   23.06
  68451.740   203.525    -7.06   24.15
  68825.729   198.830   -12.55   24.52
  69199.795   187.719   -29.70   22.41
  69573.937   175.965   -31.42   21.13
  69948.157   164.523   -30.58   16.73
  70322.453   158.245   -16.77    9.99
  70696.827   157.219    -2.74    8.54
  71071.278   164.762    20.15   13.96
  71445.805   184.526    52.77   29.25
  71820.410   207.860    62.29   40.07
  72195.092   232.944    66.95   36.85
  72569.851   252.621    52.51   29.58
  72944.688   277.944    67.56   34.11
  73319.602   302.675    65.97   44.57
  73694.593   336.718    90.79   57.40
  74069.662   361.936    67.24   56.48
  74444.808   370.012    21.53   53.24
  74820.032   356.480   -36.07   52.03
  75195.333   326.247   -80.56   47.46
  75570.712   300.349   -69.00   37.39
  75946.168   290.940   -25.06   30.42
  76321.703   290.153    -2.09   25.98
  76697.315   304.049    37.00   31.00
  77073.005   321.898    47.51   36.27
  77448.772   346.310    64.97   36.93
  77824.618   365.111    50.03   37.14
  78200.541   384.901    52.65   30.37
  78576.543   401.441    43.99   32.93
  78952.623   425.597    64.24   43.75
  79328.780   459.419    89.92   62.16
  79705.016   498.045   102.67   63.75
  80081.330   530.462    86.15   56.60
  80457.723   548.551    48.06   40.96
  80834.193   542.858   -15.12   39.15
  81210.742   527.825   -39.93   33.37
  81587.369   514.869   -34.40   20.12
  81964.075   510.137   -12.56   16.60
  82340.859   503.792   -16.84   19.12
  82717.722   498.791   -13.27   23.36
  83094.663   500.822     5.39   35.17
  83471.683   498.438    -6.32   43.35
  83848.782   497.895    -1.44   42.49
  84225.959   497.450    -1.18   35.87
  84603.216   500.256     7.44   32.64
  84980.551   510.268    26.54   32.16
  85357.964   511.058     2.09   29.88
  85735.457   502.291   -23.23   31.75
  86113.029   483.503   -49.76   33.25
  86490.680   465.109   -48.71   30.47
  86868.409   451.460   -36.14   25.14
  87246.218   451.424    -0.09   22.79
  87624.106   455.439    10.62   22.10
  88002.074   451.736    -9.80   28.47
  88380.120   435.245   -43.62   37.10
  88758.246   414.852   -53.93   29.78
  89136.452   412.610    -5.93   20.20
  89514.736   429.457    44.54   28.64
  89893.100   460.310    81.55   39.95
  90271.544   497.080    97.17   44.55
  90650.067   526.374    77.40   42.56
  91028.670   542.976    43.85   32.07
  91407.353   534.036   -23.61   38.21
  91786.115   506.999   -71.39   48.47
  92164.957   467.451  -104.40   53.24
  92543.878   425.287  -111.28   47.65
  92922.880   396.374   -76.29   37.55
  93301.962   381.002   -40.55   19.11
  93681.123   391.492    27.67   28.07
  94060.365   418.463    71.12   34.38
  94439.686   452.453    89.61   38.36
  94819.088   482.564    79.37   33.66
  95198.570   487.824    13.86   45.48
  95578.132   481.203   -17.44   56.70
  95957.774   472.245   -23.60   58.61
  96337.497   462.447   -25.80   49.23
  96717.300   461.449    -2.63   40.64
  97097.183   468.471    18.48   30.64
  97477.147   475.762    19.19   31.36
  97857.191   487.912    31.97   36.43
  98237.316   494.773    18.05   37.65
  98617.522   487.191   -19.94   42.71
  98997.808   470.532   -43.81   37.07
  99378.175   463.578   -18.28   33.98
  99758.622   476.958    35.17   47.50
 100139.151   508.505    82.91   51.72
 100519.760   530.089    56.71   53.00
 100900.450   531.547     3.83   62.78
 101281.222   510.143   -56.22   72.59
 101662.074   472.252   -99.50   73.99
 102043.007   433.534  -101.65   66.70
 102414.646   399.610   -91.29   42.04
 102780.233   384.277   -41.94   25.11
 103145.894   387.268     8.18   27.65
 103511.629   403.622    44.72   36.93
 103877.437   421.821    49.75   36.39
 104243.319   441.091    52.67   40.95
 104609.275   460.800    53.86   51.27
 104975.305   469.447    23.63   46.15
 105341.409   462.143   -19.95   43.19
 105707.587   448.697   -36.72   43.36
 106073.839   444.202   -12.27   44.19
 106440.165   453.620    25.71   51.99
 106806.565   474.222    56.23   54.72
 107173.039   508.310    93.02   50.77
 107539.587   533.780    69.49   50.72
 107906.209   552.232    50.33   50.03
 108272.906   557.462    14.26   45.82
 108639.677   545.676   -32.14   52.43
 109006.523   510.385   -96.21   64.50
 109373.442   470.153  -109.65   58.10
 109740.437   452.078   -49.26   43.48
 110107.505   463.547    31.25   51.27
 110474.649   504.578   111.76   65.03
 110841.867   545.380   111.12   59.03
 111209.159   574.865    80.28   54.52
 111576.526   595.264    55.53   49.91
 111943.968   603.165    21.50   47.96
 112311.485   594.806   -22.75   61.13
 112679.076   594.654    -0.41   72.21
 113046.743   565.665   -78.85   76.32
 113414.484   526.568  -106.32   84.65
 113782.300   492.575   -92.43   75.12
 114150.191   472.422   -54.79   56.00
 114518.157   479.258    18.58   58.45
 114886.199   510.811    85.74   58.52
 115254.315   526.847    43.57   40.32
 115622.507   498.153   -77.94   58.46
 115990.773   457.216  -111.17   70.08
 116359.115   417.377  -108.17   56.31
 116727.533   393.406   -65.07   29.27
 117096.025   393.983     1.57   26.02
 117464.594   408.885    40.43   33.46
 117833.237   426.940    48.98   35.99
 118201.956   433.760    18.50   36.46
 118570.751   433.940     0.49   29.93
 118939.621   431.919    -5.48   22.67
 119308.567   437.436    14.95   17.54
 119677.588   448.869    30.98   15.41
 120046.686   460.913    32.63   12.46
 120415.858   478.632    48.00   25.72
 120785.107   501.127    60.92   36.44
 121154.432   539.750   104.59   48.77
 121523.833   583.180   117.58   59.20
 121893.309   640.653   155.57   66.78
 122262.862   681.729   111.16   58.07
 122632.490   697.324    42.20   50.63
 123002.195   687.351   -26.98   55.68
 123371.976   669.745   -47.62   46.60
 123741.833   671.998     6.09   38.37
 124111.766   696.529    66.32   48.54
 124481.775   735.085   104.21   51.69
 124851.861   770.588    95.94   46.98
 125222.023   791.832    57.40   36.31
 125592.262   790.170    -4.49   38.65
 125962.577   761.253   -78.09   57.65
 126332.969   731.132   -81.33   55.71
 126703.437   697.919   -89.66   42.62
 127073.982   674.462   -63.31   39.36
 127444.603   662.730   -31.66   37.33
 127815.301   667.664    13.31   43.00
 128186.076   667.335    -0.89   46.54
 128556.928   662.411   -13.28   48.30
 128927.856   650.487   -32.15   48.01
 129298.862   633.591   -45.55   41.52
 129669.944   627.418   -16.64   39.68
 130041.104   641.260    37.30   45.34
 130412.340   653.874    33.98   45.14
 130783.654   654.274     1.08   40.72
 131155.044   655.987     4.61   39.31
 131526.512   659.849    10.40   41.00
 131898.057   670.547    28.80   38.17
 132269.679   678.783    22.16   26.99
 132641.379   682.127     9.00   30.85
 133013.156   685.707     9.63   44.27
 133385.010   701.864    43.45   58.54
 133756.942   729.742    74.96   67.59
 134128.951   755.068    68.09   66.07
 134501.038   762.063    18.80   66.64
 134873.203   741.653   -54.85   72.53
 135245.445   704.098  -100.90   68.88
 135617.765   664.406  -106.62   65.78
 135990.163   621.522  -115.17   50.29
 136362.638   588.832   -87.77   48.23
 136735.191   567.082   -58.39   43.19
 137107.823   553.632   -36.10   49.34
 137480.532   551.933    -4.56   58.52
 137853.319   544.696   -19.42   65.16
 138226.184   536.460   -22.09   66.36
 138599.127   521.890   -39.07   63.81
 138972.149   513.632   -22.14   63.96
 139345.248   501.047   -33.73   62.73
 139718.426   481.202   -53.18   58.30
 140091.682   452.976   -75.63   46.05
 140465.017   431.799   -56.73   35.43
 140838.429   411.445   -54.51   16.07
 141211.921   404.951   -17.39    9.61
 141585.490   404.924    -0.07   13.29
 141959.139   410.716    15.50   24.51
 142332.866   420.743    26.83   34.67
 142706.671   429.633    23.78   43.96
 143080.555   431.887     6.03   48.46
 143454.518   421.872   -26.78   42.52
 143828.560   412.387   -25.36   27.49
 144202.680   415.973     9.58   25.85
 144576.880   432.896    45.23   37.30
 144951.158   454.351    57.33   41.85
 145325.515   474.958    55.05   45.27
 145699.951   493.517    49.57   48.34
 146074.467   509.449    42.55   51.89
 146449.061   525.243    42.17   51.45
 146823.735   537.917    33.83   48.80
 147198.488   557.727    52.87   50.12
 147573.320   577.302    52.23   46.84
 147948.231   585.419    21.65   39.43
 148323.222   575.622   -26.13   39.53
 148698.292   546.342   -78.07   42.04
 149073.442   523.190   -61.72   36.38
 149448.671   505.417   -47.37   26.73
 149823.980   499.011   -17.07   29.96
 150199.368   495.525    -9.29   34.72
 150574.836   483.717   -31.45   31.64
 150950.384   470.753   -34.52   23.12
 151326.012   462.289   -22.54   19.70
 151701.719   458.302   -10.61   19.59
 152077.506   468.369    26.79   27.32
 152453.373   485.410    45.34   39.00
 152829.320   515.746    80.70   44.88
 153205.347   543.371    73.47   32.96
 153581.455   555.983    33.54   19.56
 153957.642   552.243    -9.94   23.67
 154333.910   531.987   -53.84   36.67
 154710.257   502.177   -79.22   40.86
 155086.685   473.802   -75.39   35.15
 155463.194   453.631   -53.58   22.15
 155839.782   443.834   -26.02   16.46
 156216.451   436.954   -18.27   19.23
 156593.201   426.870   -26.77   20.85
 156970.031   415.068   -31.32   20.13
 157346.942   403.401   -30.96   18.50
 157723.933   393.675   -25.80   16.95
 158101.005   384.274   -24.93   14.18
 158478.158   379.154   -13.58   10.86
 158855.391   376.549    -6.91   11.14
 159232.706   378.445     5.03   14.41
 159610.101   386.179    20.50   19.74
 159987.577   396.654    27.75   23.12
 160365.134   411.969    40.57   21.97
 160742.772   420.274    22.00   18.24
 161120.492   418.906    -3.62   19.23
 161498.292   407.143   -31.14   26.31
 161876.174   382.872   -64.24   33.65
 162254.137   359.288   -62.40   29.89
 162632.181   340.153   -50.62   18.67
 163010.306   330.428   -25.72    7.41
 163388.513   326.799    -9.60    3.40
 163766.802   326.600    -0.53    3.81
 164145.171   327.570     2.56    3.42
 164523.623   328.015     1.18    3.26
 164902.156   330.549     6.69    9.20
 165280.771   336.535    15.81   16.30
 165659.467   347.230    28.25   22.87
 166038.245   357.281    26.54   24.80
 166417.105   362.632    14.13   25.92
 166796.047   361.834    -2.11   26.65
 167175.071   364.474     6.97   26.23
 167554.176   368.079     9.51   24.47
 167933.364   380.674    33.22   27.06
 168312.634   396.590    41.97   27.49
 168691.986   417.095    54.06   34.65
 169071.420   425.697    22.67   36.20
 169450.937   434.549    23.33   34.48
 169830.535   441.965    19.54   31.58
 170210.216   452.112    26.73   27.15
 170589.980   462.998    28.67   19.01
 170969.826   466.685     9.71   14.26
 171349.754   463.570    -8.20   15.67
 171729.765   462.969    -1.58   16.61
 172109.858   465.492     6.64   17.26
 172490.035   464.643    -2.23   15.51
 172870.294   459.447   -13.67   18.50
 173250.635   446.049   -35.23   20.54
 173631.060   433.502   -32.99   14.32
 174011.567   425.220   -21.77    6.38
 174392.157   425.202    -0.05    6.09
 174772.831   433.927    22.92   16.29
 175153.587   450.062    42.38   25.50
 175534.426   473.570    61.73   32.69
 175915.349   494.620    55.27   27.20
 176296.355   507.653    34.21   27.79
 176677.444   515.160    19.70   30.54
 177054.395   523.416    21.90   32.86
 177419.751   529.729    17.28   31.26
 177785.181   536.580    18.75   29.13
 178150.688   537.790     3.31   31.93
 178516.269   539.143     3.70   33.89
 178881.927   539.499     0.97   33.18
 179247.659   540.079     1.59   33.32
 179613.468   535.592   -12.27   34.23
 179979.352   530.921   -12.77   31.31
 180345.312   534.890    10.85   30.00
 180711.347   558.973    65.80   54.14
 181077.458   614.882   152.73   78.14
 181443.646   648.811    92.67   69.73
 181809.909   664.019    41.53   62.40
 182176.248   669.230    14.23   63.83
 182542.663   661.825   -20.21   61.65
 182909.154   652.580   -25.23   54.09
 183275.721   657.012    12.09   46.90
 183642.364   645.527   -31.33   43.28
 184009.084   629.622   -43.38   40.18
 184375.879   619.377   -27.94   37.36
 184742.751   612.169   -19.65   37.14
 185109.699   615.935    10.26   43.09
 185476.724   623.365    20.25   44.41
 185843.825   637.010    37.17   47.94
 186211.003   657.251    55.13   45.65
 186578.257   674.752    47.66   43.16
 186945.587   684.851    27.50   39.36
 187312.994   687.866     8.21   39.35
 187680.478   687.622    -0.67   39.46
 188048.039   676.769   -29.53   35.78
 188415.676   655.230   -58.60   36.90
 188783.390   632.890   -60.76   37.31
 189151.181   611.043   -59.41   28.85
 189519.049   599.835   -30.47   29.35
 189886.994   596.941    -7.87   33.15
 190255.015   595.096    -5.01   31.54
 190623.114   595.526     1.17   27.17
 190991.290   596.857     3.62   22.81
 191359.543   595.362    -4.06   21.84
 191727.873   578.535   -45.69   39.33
 192096.280   550.488   -76.14   50.16
 192464.765   518.256   -87.48   37.58
 192833.327   505.351   -35.02   23.79
 193201.966   513.332    21.65   33.08
 193570.683   538.622    68.60   41.88
 193939.477   563.747    68.14   37.10
 194308.349   574.966    30.42   26.25
 194677.298   561.780   -35.74   40.89
 195046.325   527.851   -91.95   53.90
 195415.430   491.810   -97.66   45.78
 195784.612   470.213   -58.51   21.94
 196153.872   476.310    16.51   28.13
 196523.210   492.497    43.83   32.95
 196892.626   502.282    26.49   30.63
 197262.119   498.295   -10.79   36.07
 197631.691   485.622   -34.30   37.83
 198001.340   474.528   -30.02   34.38
 198371.068   465.653   -24.01   32.39
 198740.874   463.924    -4.68   30.63
 199110.757   457.768   -16.65   22.09
 199480.719   454.497    -8.84   14.35
 199850.760   456.697     5.95   15.16
 200220.878   462.487    15.65   19.43
 200591.075   467.193    12.72   21.40
 200961.351   473.014    15.72   21.07
 201331.704   480.589    20.46   22.61
 201702.137   495.274    39.65   28.06
 202072.647   518.549    62.83   32.15
 202443.237   544.694    70.56   34.01
 202813.905   569.022    65.64   37.76
 203184.652   590.622    58.27   36.00
 203555.477   603.818    35.59   30.05
 203926.381   611.245    20.03   25.92
 204297.364   614.808     9.61   22.60
 204668.426   620.456    15.22   21.35
 205039.567   633.035    33.90   29.04
 205410.787   641.480    22.75   41.90
 205782.086   647.313    15.71   51.23
 206153.464   644.423    -7.78   61.33
 206524.921   636.010   -22.65   59.20
