# NaN NaN NaN ;Mean Elev.(m), Avg Gradient(m/km), RMS Gradient(m/km) - SRTM1     
#  -15.868  -0.218   2.541 ;Mean Elev.(m), Avg Gradient(m/km), RMS Gradient(m/km) - ASTER GDEM
#    8.499  -0.063   3.025 ;Mean Elev.(m), Avg Gradient(m/km), RMS Gradient(m/km) - GMTED2010 
  8 173.587557  65.115634     5.250     5.029  3 52486.38233164 17.098
  9 173.590159  65.117287     2.075     0.351  3 52521.38229993 24.962
 10 173.579435  65.105938     0.465     0.489  4 52556.38234915 48.640
 11 173.584582  65.112141    -0.014     0.001  3 52591.38234233 24.925
 13 173.585298  65.113447     1.489     0.773  3 52661.38230677 14.588
 14 173.578845  65.106187     1.060     0.892  5 52696.38228392 15.177
 15 173.590165  65.116324     0.424     0.421  4 52731.38231194 12.971
 16 173.589713  65.117794     5.498     5.141  3 52766.38232180 20.700
 17 173.578810  65.106270     4.433     4.465  4 52801.38232121 26.385
 18 173.582734  65.108648     3.649     4.344  4 52836.38238795 24.652
 19 173.584652  65.113229     3.788     4.547  4 52871.38242942 32.714
 20 173.588086  65.116454     3.638     4.810  3 52906.38242513 36.397
 23 173.586136  65.111711     2.084     2.046  4 53011.38240759 14.608
 24 173.579159  65.107227     3.241     3.830  4 53046.38237192 11.004
 25 173.584230  65.111904     3.888     4.113  4 53081.38240700  9.707
 26 173.579442  65.103576     4.387     4.448  5 53116.38237617  6.771
 27 173.581822  65.108856     3.381     3.325  4 53151.38242521 40.113
 28 173.588389  65.115653     2.577     2.576  4 53186.38241228 51.837
 29 173.589874  65.114313     5.143     5.229  3 53221.38243838 24.471
 30 173.589808  65.116632     2.149     1.203  3 53256.38241519 25.242
 31 173.576826  65.101711     3.562     4.147  5 53291.38242687 31.772
 32 173.588233  65.116161     0.863     1.695  3 53326.38240365 22.813
 33 173.592494  65.119460     1.792     1.821  3 53361.38236148 19.174
 34 173.580132  65.107951     1.306     1.233  5 53396.38237978 18.497
 35 173.592901  65.117921     0.779     0.736  3 53431.38237325 14.404
 36 173.579981  65.106449     0.332     0.362  4 53466.38240333 14.552
 37 173.582140  65.109889     4.979     4.948  5 53501.38246057 13.928
 38 173.588228  65.114106     5.533     5.689  4 53536.38245156 25.511
 39 173.584571  65.112210     1.537     1.555  4 53571.38245844 42.889
 40 173.595429  65.117829     5.490     5.458  3 53606.38240737 25.895
 41 173.579630  65.104300     4.136     4.813  5 53641.38240544 31.579
 42 173.581332  65.111582     1.734     1.348  4 53676.38242600 30.697
 43 173.595127  65.119532     4.310     4.352  3 53711.38235653 13.660
 44 173.577560  65.106843     4.067     4.138  5 53746.38226556 12.865
 45 173.588461  65.115444     4.022     4.009  4 53781.38229801  9.203
 46 173.598184  65.122273     3.187     3.728  4 53816.38226657  7.523
 47 173.578275  65.106092     3.813     3.766  5 53851.38233335  5.897
 48 173.589188  65.115785     5.349     5.347  4 53886.38234247 51.148
 49 173.580589  65.107139     4.550     4.513  4 53921.38241174 22.587
 50 173.582181  65.110944     5.070     4.789  4 53956.38240889 18.520
 51 173.577838  65.104576     4.288     4.430  5 53991.38232776 21.655
 52 173.579857  65.108537     0.806     0.850  4 54026.38239384 28.257
 53 173.590058  65.115033     1.757     2.079  3 54061.38238800 15.622
 54 173.593724  65.116726     1.758     2.238  3 54096.38236095 12.761
 55 173.579867  65.105832     3.029     2.838  5 54131.38230795 10.823
 56 173.588198  65.115974     2.711     2.515  3 54166.38233338  7.940
 57 173.579777  65.108902     1.890     1.386  4 54201.38231161  7.735
 58 173.585291  65.111213     5.595     5.599  4 54236.38234811 23.009
 59 173.586587  65.114725     4.786     4.960  3 54271.38236923 21.164
 60 173.585337  65.112807     4.525     4.717  4 54306.38237136 21.424
 61 173.590814  65.117202     1.133     1.142  3 54341.38235330 49.754
 62 173.583288  65.109889     1.166     1.188  4 54376.38230558 50.126
 63 173.586436  65.113949     0.983     0.945  3 54411.38229954 34.778
 64 173.580152  65.106412     3.053     3.228  5 54446.38226939 21.162
 65 173.586886  65.113096     2.901     2.917  4 54481.38229117 13.432
 66 173.580700  65.107934     2.894     3.883  5 54516.38228376 12.048
 67 173.590662  65.115960     4.203     4.271  3 54551.38230449  9.551
 68 173.583694  65.112385     4.074     4.274  4 54586.38228034  6.961
 69 173.586157  65.112803     5.030     5.015  4 54621.38229911 24.915
 70 173.585133  65.112952     4.974     5.031  3 54656.38230913 21.525
 71 173.588974  65.114492     4.978     5.017  4 54691.38229384 24.055
 72 173.581106  65.108931     4.667     4.755  5 54726.38226012 16.307
 73 173.585840  65.113441     0.043     0.011  3 54761.38227048 37.968
 74 173.577579  65.106416     0.411     0.391  5 54796.38225291 19.487
 75 173.585819  65.113294     2.611     2.741  4 54831.38227118 12.855
 76 173.580384  65.108070     1.680     1.762  4 54866.38224846  9.775
 77 173.588213  65.115219     3.375     3.369  3 54901.38227017  8.363
 78 173.583429  65.109988     3.859     3.935  4 54936.38223920  7.438
 79 173.585480  65.111518     1.841     1.028  4 54971.38227220 39.037
 80 173.585371  65.112953     4.722     4.840  4 55006.38229132 26.147
 81 173.586257  65.113489     5.346     4.864  3 55041.38227968 20.346
 82 173.589941  65.115804     1.684     1.680  4 55076.38226093 45.580
 83 173.582150  65.110006     0.470     0.474  5 55111.38221162 46.612
 84 173.585246  65.113616     2.628     2.352  4 55146.38221422 24.178
 85 173.578826  65.107043     0.964     0.728  4 55181.38218948 15.547
 86 173.587003  65.115028     1.092     1.168  4 55216.38220899 12.827
 87 173.582912  65.108843     1.904     1.913  4 55251.38218623 10.247
 88 173.590836  65.114585     2.623     3.035  3 55286.38220258  9.085
 89 173.586258  65.111827    -5.264    -5.376  4 55321.38217665 15.365
 90 173.586736  65.113301     4.933     4.981  4 55356.38217684 26.041
 91 173.581525  65.109513     3.088     2.864  5 55391.38217740 43.613
 92 173.586351  65.113031     5.798     5.847  3 55426.38219349 18.745
 93 173.592607  65.116902     2.623     2.594  3 55461.38216088 52.645
