# NaN NaN NaN ;Mean Elev.(m), Avg Gradient(m/km), RMS Gradient(m/km) - SRTM1     
#  -10.761  -2.503   6.248 ;Mean Elev.(m), Avg Gradient(m/km), RMS Gradient(m/km) - ASTER GDEM
#    7.000  -3.111   5.274 ;Mean Elev.(m), Avg Gradient(m/km), RMS Gradient(m/km) - GMTED2010 
  7 172.428731  65.224626     0.462     0.462  2 52446.99027328 51.046
  8 172.428065  65.223350     9.675     9.705  3 52481.99026369 30.202
  9 172.428738  65.225032     7.796     7.514  3 52516.99021756 49.431
 10 172.437863  65.219310    11.021    11.021  2 52551.99026701 24.438
 11 172.436200  65.222207    11.022    11.022  2 52586.99024240 24.026
 12 172.424272  65.224010    10.956    10.874  3 52621.99021145 15.579
 15 172.436273  65.220694    11.880    11.880  2 52726.99024435 10.041
 16 172.416172  65.226764    11.453    11.315  3 52761.99025871 20.388
 19 172.443199  65.218571    15.140    15.140  2 52866.99033454 27.513
 20 172.429733  65.223691     7.519     7.251  3 52901.99035686 49.317
 21 172.420047  65.224578     8.653     7.220  3 52936.99029681 33.918
 22 172.438061  65.221405    11.138    11.138  2 52971.99032505 15.946
 23 172.428757  65.223897    10.925    10.702  3 53006.99033654 10.907
 25 172.428828  65.225743    12.122    11.877  3 53076.99032305  9.822
 26 172.438723  65.219146    12.303    12.303  2 53111.99029416 11.091
 27 172.435010  65.223042     8.716     8.674  3 53146.99033701 34.874
 28 172.438937  65.221345    14.832    14.832  2 53181.99034141 23.490
 29 172.433188  65.223111     8.414     8.398  3 53216.99036471 29.464
 30 172.421391  65.226033     9.042     9.047  3 53251.99034277 37.773
 31 172.440676  65.222272     8.634     8.634  2 53286.99033920 30.764
 33 172.431862  65.224512    11.417    11.477  3 53356.99028256 14.414
 35 172.433376  65.223591    12.032    12.032  2 53426.99029229  7.992
 36 172.445244  65.217655    12.571    12.571  2 53461.99030744  8.601
 37 172.431406  65.224098    11.601    11.630  3 53496.99038210 12.080
 38 172.435170  65.222361    14.012    13.742  3 53531.99036187 23.615
 39 172.426224  65.225279     9.304     9.304  2 53566.99038442 38.625
 40 172.427820  65.224413    13.837    13.843  3 53601.99032892 19.674
 41 172.440943  65.221609    14.414    14.414  2 53636.99032659 23.617
 42 172.432478  65.223538    11.415    11.415  2 53671.99034740 24.454
 43 172.432717  65.223649    11.961    11.733  3 53706.99027931 15.245
 44 172.419460  65.224492    11.560    11.740  3 53741.99019176 11.533
 45 172.440384  65.219575    11.959    11.959  2 53776.99021651 11.477
 46 172.424110  65.226191    13.909    13.746  3 53811.99019368  7.871
 47 172.439644  65.220992    12.853    12.853  2 53846.99024542  7.115
 49 172.429008  65.224760    13.758    13.953  3 53916.99032765 19.709
 50 172.426209  65.225937     8.006     7.994  3 53951.99033294 47.247
 53 172.441801  65.219405    11.983    11.983  2 54056.99030369 16.920
 54 172.425905  65.223928    11.677    11.576  3 54091.99028675 10.837
 56 172.432125  65.223440    12.178    12.219  3 54161.99025512  7.797
 57 172.441905  65.219143    13.022    13.022  2 54196.99022262  7.792
 58 172.436458  65.220227    14.071    14.071  2 54231.99026854  8.891
 59 172.436802  65.222923    14.482    14.482  2 54266.99028601 20.777
 60 172.434734  65.221459     7.883     7.883  2 54301.99029086 40.993
 61 172.431232  65.223866     8.697     8.697  2 54336.99027745 26.077
 63 172.431355  65.222565    11.173    11.228  3 54406.99022278 29.059
 65 172.435406  65.220908    11.175    11.175  2 54476.99021130 14.841
 67 172.432884  65.224555    12.603    12.537  3 54546.99022474  9.067
 68 172.436672  65.220215    12.279    12.279  2 54581.99019408  6.130
 69 172.436449  65.222348    12.357    12.357  2 54616.99021485 44.887
 70 172.433958  65.222305    10.035    10.094  3 54651.99022753 50.607
 71 172.430954  65.225095     8.594     8.679  3 54686.99021825 31.426
 72 172.445127  65.217766     7.713     7.713  2 54721.99017408 51.878
 73 172.433060  65.222614     8.973     8.973  2 54756.99019396 36.115
 74 172.443501  65.217995    11.559    11.559  2 54791.99016774 20.985
 75 172.437088  65.221004    10.935    10.935  2 54826.99019138 14.483
 76 172.442783  65.218290    11.639    11.639  2 54861.99016140 11.103
 77 172.430944  65.223668    12.356    12.356  2 54896.99019165  8.086
 78 172.440375  65.220292    12.109    12.109  2 54931.99015736  7.300
 79 172.435538  65.222709     8.664     8.664  2 54966.99019216 31.454
 80 172.433896  65.223734    11.644    11.634  3 55001.99021215 49.030
 81 172.436891  65.222675    10.314    10.314  2 55036.99019845 44.283
 82 172.428791  65.224261     8.824     8.824  2 55071.99018564 34.302
 84 172.432088  65.223729    10.462    10.462  2 55141.99013627 28.223
 86 172.434109  65.221612    11.186    11.186  2 55211.99013111 13.482
 87 172.440835  65.219884    11.996    11.996  2 55246.99010438 11.235
 88 172.431156  65.224384    12.874    12.700  3 55281.99012442  9.207
 89 172.434161  65.222782    12.637    12.687  3 55316.99009267  8.260
 90 172.431960  65.223665    14.128    13.782  3 55351.99009664 20.521
 91 172.441644  65.219902     8.781     8.781  2 55386.99009280 26.782
 92 172.436203  65.223241     8.582     8.582  2 55421.99011455 34.906
 93 172.428423  65.224180    11.987    10.687  3 55456.99008873 25.284
