# NaN NaN NaN ;Mean Elev.(m), Avg Gradient(m/km), RMS Gradient(m/km) - SRTM1     
#   -1.050  -6.142  56.610 ;Mean Elev.(m), Avg Gradient(m/km), RMS Gradient(m/km) - ASTER GDEM
#    9.357  -6.018  59.890 ;Mean Elev.(m), Avg Gradient(m/km), RMS Gradient(m/km) - GMTED2010 
  9    17.608 52540.38433988 15.70 172.683738  65.289895 21.818
  9    21.886 52540.38434053 15.42 172.680698  65.292995 21.818
 10    11.615 52575.38438527 32.62 172.690733  65.288071  8.855
 10     6.384 52575.38438592 35.72 172.687693  65.291171  8.855
 10     6.086 52575.38438656 36.51 172.684653  65.294271  8.855
 11    11.296 52610.38434623 22.69 172.699957  65.289505  5.525
 11    11.998 52610.38434688 22.04 172.696927  65.292605  5.525
 11    12.369 52610.38434752 22.47 172.693887  65.295705  5.525
 12    12.708 52645.38433566 14.42 172.690345  65.288144  3.053
 12    12.813 52645.38433630 14.55 172.687315  65.291244  3.053
 12    14.431 52645.38433695 13.92 172.684275  65.294354  3.053
 13    14.669 52680.38431114 10.96 172.706350  65.291577  2.877
 13    13.962 52680.38431179 11.16 172.703310  65.294677  2.877
 13    13.386 52680.38431243 10.97 172.700273  65.297779  2.338
 15    13.399 52750.38438703  8.43 172.692497  65.291280  2.338
 15    14.519 52750.38438768  8.02 172.689467  65.294380  2.338
 16     7.597 52785.38432968 32.92 172.678675  65.287264  6.988
 16    17.146 52785.38433032 20.55 172.675635  65.290364  6.988
 17    14.300 52820.38440474 43.55 172.681190  65.288864 25.554
 17    14.287 52820.38440539 45.29 172.678150  65.291964 25.554
 18    10.119 52855.38445269 43.64 172.690299  65.289496 23.451
 18     9.924 52855.38445333 44.25 172.687259  65.292596 23.451
 20     6.802 52925.38443887 41.08 172.703894  65.292325 13.917
 20     6.809 52925.38443952 48.24 172.700854  65.295425 13.917
 20     6.497 52925.38444016 44.49 172.697824  65.298535 13.917
 21    11.781 52960.38440590 24.78 172.691605  65.288402  4.554
 21    12.598 52960.38440655 24.94 172.688565  65.291502  4.554
 21    12.699 52960.38440719 26.07 172.685525  65.294602  4.554
 22    17.584 52995.38444138 13.40 172.692371  65.288406  3.012
 22    16.692 52995.38444202 14.15 172.689331  65.291506  3.012
 22    16.053 52995.38444267 12.79 172.686291  65.294606  3.012
 23    11.928 53030.38440466 12.33 172.706914  65.290705  2.997
 23    12.220 53030.38440531 11.33 172.703884  65.293805  2.997
 23    13.581 53030.38440595 11.62 172.700844  65.296905  2.997
 24    12.630 53065.38441212 10.62 172.694507  65.290480  2.772
 24    14.650 53065.38441277 10.00 172.691467  65.293580  2.772
 25    13.113 53100.38441707  9.43 172.700745  65.292029  2.155
 25    15.666 53100.38441771  9.25 172.697715  65.295129  2.155
 28    14.540 53205.38448093 17.13 172.692171  65.291152 17.082
 28    18.491 53205.38448158 18.60 172.689139  65.294254  9.608
 29    21.024 53240.38444890 35.17 172.704258  65.293267 22.575
 29    16.606 53240.38444955 40.88 172.701228  65.296367 22.575
 31     7.417 53310.38446200 27.79 172.689457  65.288023  6.460
 31     7.629 53310.38446264 28.92 172.686417  65.291123  6.460
 31     7.482 53310.38446329 30.29 172.683377  65.294223  6.460
 32    10.813 53345.38442808 16.70 172.700234  65.289946  4.082
 32    11.402 53345.38442873 16.24 172.697204  65.293046  4.082
 32    11.833 53345.38442937 16.72 172.694164  65.296146  4.082
 33    13.101 53380.38438093 10.55 172.682465  65.287916  2.310
 33    14.788 53380.38438157 10.23 172.679425  65.291016  2.310
 34    12.519 53415.38440545 10.13 172.701422  65.290046  2.947
 34    12.733 53415.38440610  9.79 172.698382  65.293146  2.947
 34    14.211 53415.38440674  9.77 172.695352  65.296246  2.947
 35    13.477 53450.38439984  9.65 172.680510  65.286016  2.235
 35    13.990 53450.38440048  9.42 172.677470  65.289116  2.235
 35    14.842 53450.38440113  9.20 172.674430  65.292216  2.235
 36    14.181 53485.38448546  7.66 172.684033  65.287958  2.433
 36    14.774 53485.38448611  7.50 172.680993  65.291058  2.433
 39    19.698 53590.38444662 15.22 172.707351  65.293194  9.844
 39    22.014 53590.38444726 14.71 172.704321  65.296294  9.844
 39    21.994 53590.38444791 15.12 172.701281  65.299394  9.844
 40    11.059 53625.38442833 24.20 172.675344  65.285782  5.481
 40     6.580 53625.38442898 24.96 172.672304  65.288882  5.481
 41     7.900 53660.38445458 47.27 172.687971  65.288003 22.305
 41     7.692 53660.38445523 48.76 172.684941  65.291103 22.305
 41     7.267 53660.38445587 45.48 172.681901  65.294203 22.305
 42    17.222 53695.38442768 14.67 172.700366  65.291028  3.120
 42    16.196 53695.38442832 14.70 172.697326  65.294128  3.120
 42    13.217 53695.38442897 15.41 172.694286  65.297228  3.120
 45    17.680 53800.38432269  7.71 172.706527  65.293147  2.180
 45    14.156 53800.38432333  8.07 172.703497  65.296247  2.180
 45    13.500 53800.38432398  7.85 172.700457  65.299347  2.180
 46    17.983 53835.38432516  6.82 172.683249  65.287080  1.984
 46    17.102 53835.38432580  6.23 172.680209  65.290180  1.984
 46    17.169 53835.38432645  5.88 172.677169  65.293280  1.984
 47    18.086 53870.38438440 10.45 172.690961  65.287972  7.184
 47    16.414 53870.38438505 12.28 172.687921  65.291072  7.184
 48    25.811 53905.38442027 25.96 172.690805  65.288825  7.216
 48    20.821 53905.38442092 33.31 172.687775  65.291925  7.216
 49    10.517 53940.38445201 22.45 172.686548  65.287101 19.613
 49    10.541 53940.38445266 19.95 172.683508  65.290201 19.613
 49     9.705 53940.38445330 25.46 172.680468  65.293301 19.613
 50    18.192 53975.38440981 39.44 172.701882  65.290776 27.657
 50    17.242 53975.38441045 40.74 172.698852  65.293876 27.657
 50    17.303 53975.38441109 38.71 172.695812  65.296976 27.657
 51    13.165 54010.38440755 38.81 172.683619  65.286490 14.651
 51    12.721 54010.38440819 38.39 172.680579  65.289590 14.651
 51    10.472 54010.38440884 42.11 172.677539  65.292690 14.651
 52    17.132 54045.38442449 20.89 172.696167  65.289991  4.568
 52    12.889 54045.38442513 22.65 172.693137  65.293091  4.568
 52    13.044 54045.38442578 22.15 172.690097  65.296201  4.568
 53    12.130 54080.38441767 14.11 172.700948  65.290790  2.516
 53    13.144 54080.38441832 13.28 172.697918  65.293890  2.516
 53    15.224 54080.38441896 13.69 172.694878  65.296990  2.516
 54    17.121 54115.38435219 12.07 172.709955  65.291548  2.352
 54    12.530 54115.38435284 11.48 172.706915  65.294648  2.352
 54    13.061 54115.38435348 12.00 172.703885  65.297748  2.352
 56    17.229 54185.38434354  8.85 172.707718  65.292048  2.363
 56    16.160 54185.38434419  8.88 172.704688  65.295148  2.363
 56    13.691 54185.38434483  9.11 172.701648  65.298248  2.363
 57    18.408 54220.38437588  8.38 172.686989  65.289867  2.288
 57    16.368 54220.38437653  8.08 172.683949  65.292967  2.288
 58    17.162 54255.38439979 19.30 172.692869  65.291586 17.194
 58    19.711 54255.38440043 21.93 172.689829  65.294686 17.194
 59     9.001 54290.38440136 31.63 172.698357  65.289402 14.264
 59    13.591 54290.38440201 20.40 172.695317  65.292502 14.264
 60    12.560 54325.38439893 16.40 172.699685  65.289520 14.888
 60    16.224 54325.38439958 15.63 172.696645  65.292620 14.888
 60    17.895 54325.38440022 16.67 172.693605  65.295720 14.888
 61    17.959 54360.38435255 15.08 172.708543  65.293495 19.844
 61    22.696 54360.38435320 14.53 172.705503  65.296595 19.844
 61    20.764 54360.38435384 23.34 172.702463  65.299695 19.844
 62     7.238 54395.38433907 39.96 172.693782  65.289551 17.185
 62     7.149 54395.38433971 43.15 172.690742  65.292651 17.185
 63    12.121 54430.38430266 20.13 172.702980  65.293159  3.777
 63    12.764 54430.38430330 20.55 172.699940  65.296259  3.777
 64    12.700 54465.38431903 16.31 172.691328  65.288566  3.064
 64    13.064 54465.38431967 16.08 172.688288  65.291666  3.064
 64    13.878 54465.38432032 16.58 172.685248  65.294766  3.064
 65    12.386 54500.38431436 13.89 172.701928  65.290896  2.530
 65    16.879 54500.38431501 13.48 172.698888  65.293996  2.530
 65    13.608 54500.38431565 13.41 172.695853  65.297098  2.754
 66    12.791 54535.38433402 15.27 172.695944  65.290817  4.013
 66    13.457 54535.38433466 15.89 172.692904  65.293917  4.013
 67    12.113 54570.38431729 12.78 172.707220  65.291510  3.801
 67    12.807 54570.38431794 12.10 172.704180  65.294610  3.801
 67    15.570 54570.38431858 12.00 172.701150  65.297720  3.801
 68     7.151 54605.38432815 32.51 172.693228  65.289579 15.259
 68     7.809 54605.38432880 28.19 172.690188  65.292679 15.259
 69    13.726 54640.38433759 33.05 172.698662  65.289066 22.974
 69    19.024 54640.38433823 20.53 172.695632  65.292166 22.974
 69    22.402 54640.38433888 20.00 172.692592  65.295266 22.974
 70    13.672 54675.38434015 16.49 172.695235  65.289630 15.175
 70    18.011 54675.38434079 16.03 172.692205  65.292730 15.175
 70    18.601 54675.38434144 23.23 172.689165  65.295830 15.175
 71     8.173 54710.38429672 37.29 172.706531  65.292368 13.379
 71     9.945 54710.38429736 26.14 172.703491  65.295478 13.379
 71     9.616 54710.38429801 23.36 172.700461  65.298578 13.379
 72     7.157 54745.38430753 50.79 172.691782  65.289946 22.719
 72     7.140 54745.38430818 51.16 172.688742  65.293046 22.719
 73     6.550 54780.38428075 26.68 172.699823  65.290870  7.000
 73     6.660 54780.38428139 27.78 172.696793  65.293970  7.000
 73     6.380 54780.38428204 28.36 172.693753  65.297070  7.000
 74    12.411 54815.38430062 14.34 172.690656  65.288991  2.963
 74    13.199 54815.38430127 13.59 172.687616  65.292091  2.963
 75    17.751 54850.38427911 10.30 172.702845  65.289752  2.659
 75    12.563 54850.38427976 10.04 172.699805  65.292862  2.659
 75    13.259 54850.38428040 10.95 172.696775  65.295962  2.659
 76    12.428 54885.38430416  9.78 172.692896  65.288263  2.591
 76    16.211 54885.38430481  9.77 172.689856  65.291363  2.591
 76    13.873 54885.38430545  9.97 172.686816  65.294463  2.591
 77    17.041 54920.38428128  8.09 172.705504  65.293867  2.226
 77    13.757 54920.38428193  7.94 172.702464  65.296977  2.226
 78    13.269 54955.38430024  9.34 172.688986  65.290247  2.559
 78    14.343 54955.38430089  8.10 172.685946  65.293347  2.559
 79    16.167 54990.38432330 20.33 172.692765  65.288598 20.875
 79    16.813 54990.38432394 19.93 172.689725  65.291698 20.875
 79    18.601 54990.38432459 24.76 172.686685  65.294798 20.875
 80    10.082 55025.38431478 22.99 172.699710  65.291450 25.809
 80    14.326 55025.38431543 21.00 172.696680  65.294550 25.809
 81    10.974 55060.38430860 19.23 172.697415  65.289844 17.620
 81    13.307 55060.38430924 17.85 172.694385  65.292944 17.620
 81    18.932 55060.38430989 27.82 172.691345  65.296044 17.620
 82    18.512 55095.38425986 14.69 172.708944  65.291518 11.902
 82    17.556 55095.38426051 12.81 172.705904  65.294618 11.902
 82    18.606 55095.38426115 15.29 172.702864  65.297718 11.902
 83     6.493 55130.38425074 38.70 172.692283  65.290372 10.771
 83     6.269 55130.38425138 42.75 172.689243  65.293472 10.771
 84    11.838 55165.38422195 17.78 172.700162  65.291447  3.401
 84    13.095 55165.38422259 17.68 172.697132  65.294557  3.401
 85    17.309 55200.38424238 13.82 172.692034  65.288545  3.801
 85    14.937 55200.38424302 13.45 172.688994  65.291645  3.801
 85    14.668 55200.38424367 13.17 172.685954  65.294745  3.801
 86    12.622 55235.38422733 11.74 172.704550  65.290135  2.854
 86    13.355 55235.38422798 11.23 172.701510  65.293245  2.854
 86    16.239 55235.38422862 11.01 172.698480  65.296345  2.854
 87    16.925 55270.38423677  8.51 172.696097  65.288972  2.610
 87    16.535 55270.38423741  8.44 172.693067  65.292072  2.610
 87    15.584 55270.38423806  8.18 172.690027  65.295172  2.610
 88    12.389 55305.38420899  8.63 172.708436  65.292707  2.376
 88    16.363 55305.38420963  8.15 172.705396  65.295817  2.376
 88    13.841 55305.38421028  7.75 172.702366  65.298917  2.376
 90    21.082 55375.38420078 19.61 172.699887  65.291041 20.069
 90    18.231 55375.38420142 16.64 172.696857  65.294141 20.069
 90    23.645 55375.38420207 17.28 172.693817  65.297241 20.069
 91    13.603 55410.38422326 15.96 172.692106  65.290901 11.378
 91    17.475 55410.38422390 16.44 172.689066  65.294001 11.378
 92    17.413 55445.38421714 13.31 172.697828  65.291080 12.189
 92    19.219 55445.38421778 13.66 172.694798  65.294180 12.189
 93     8.565 55480.38415166 49.00 172.710807  65.294073 11.722
 93     8.368 55480.38415230 44.00 172.707767  65.297173 11.722
 93     7.948 55480.38415295 46.21 172.704737  65.300273 11.722
