# NaN NaN NaN ;Mean Elev.(m), Avg Gradient(m/km), RMS Gradient(m/km) - SRTM1     
#    4.645  -1.883  10.127 ;Mean Elev.(m), Avg Gradient(m/km), RMS Gradient(m/km) - ASTER GDEM
#    1.014  -1.243   9.725 ;Mean Elev.(m), Avg Gradient(m/km), RMS Gradient(m/km) - GMTED2010 
  8 175.987913  64.863964     7.411     1.137  5 52499.37628388 15.821
 11 175.987771  64.861721    25.752    29.386  8 52604.37628353 14.632
 12 175.975281  64.854976    33.300    34.961 10 52639.37626369  6.850
 13 175.988720  64.860499    39.622    39.579  7 52674.37626018  5.234
 14 175.978580  64.856060    41.742    41.761  9 52709.37627488  3.696
 16 175.975830  64.851476    14.432    17.930  7 52779.37623875 35.810
 17 175.965362  64.861946    15.208     7.124  5 52814.37632492 23.118
 18 175.975776  64.857476     0.890     0.988  7 52849.37637663 23.462
 19 175.983898  64.856632    24.739    24.502  7 52884.37641172 15.529
 20 175.988497  64.864387    11.039    10.178  6 52919.37636928 34.893
 21 175.977011  64.859134    12.207    11.777  8 52954.37633187 27.173
 22 175.988755  64.861574    28.526    28.806  7 52989.37634108 14.361
 23 175.989873  64.868383    23.968    27.457  8 53024.37632486 12.070
 24 175.989489  64.858839    29.108    32.628  6 53059.37632032  7.069
 25 175.985847  64.861389    29.311    31.306  7 53094.37635874  4.834
 26 175.982623  64.858054    38.175    38.303  9 53129.37633014  2.080
 28 175.985173  64.856795    20.404    24.254  7 53199.37639938 17.150
 29 175.987751  64.870651    13.260    15.553  8 53234.37637178 26.200
 31 175.969821  64.857923    17.545    15.697  8 53304.37639703 29.765
 32 175.987796  64.860266     9.569    13.318  7 53339.37636574 17.831
 33 175.988552  64.873110    25.527    24.974  9 53374.37629977 10.135
 34 175.980770  64.861667    18.342    18.081  6 53409.37634006  8.288
 35 175.987669  64.872767    27.023    26.109  8 53444.37632534  6.491
 36 175.968742  64.861843    11.558     9.923  5 53479.37640241  6.639
 37 175.984938  64.858593    39.252    39.231  8 53514.37640915  5.801
 38 175.977938  64.864598     1.902     1.959  5 53549.37642919 46.144
 39 175.992380  64.858081    21.019    28.104  5 53584.37639050 26.197
 40 175.987822  64.870333     5.590     1.603  8 53619.37634959 27.132
 41 175.981114  64.855411    25.854    26.437  7 53654.37637256 14.367
 42 175.986001  64.857152    27.186    27.728  7 53689.37636836 12.699
 43 175.986000  64.876657    17.551    22.986  8 53724.37629643 10.457
 44 175.980786  64.859350    18.611    18.520  6 53759.37623531  6.965
 45 175.989597  64.864667    34.532    34.302  6 53794.37625538  2.354
 46 175.970197  64.863298    25.786    25.803  4 53829.37623090  3.221
 47 175.973970  64.859707    23.639    23.920  6 53864.37631006  3.263
 48 175.984042  64.856752    28.944    32.718  7 53899.37633461 19.262
 49 175.976774  64.857304    19.200    20.122  8 53934.37637882 21.611
 50 175.984424  64.859761    16.543    18.147  6 53969.37634933 20.815
 51 175.971520  64.859228    15.186    10.650  7 54004.37632312 22.442
 53 175.987546  64.860750    34.016    34.595  7 54074.37634987  8.892
 54 175.989234  64.871200    27.100    31.306  7 54109.37629711  8.775
 55 175.979291  64.857074    38.876    39.237  8 54144.37628734  3.048
 57 175.978262  64.858780    37.214    38.023  7 54214.37629545  2.818
 58 175.983495  64.856592    35.372    36.420  7 54249.37632277 15.136
 59 175.987596  64.859038    19.783    23.617  7 54284.37633070 21.144
 60 175.986485  64.861051     2.842     2.845  7 54319.37632850 14.898
 61 175.990066  64.866098    17.967    18.589  6 54354.37629267 30.592
 62 175.982776  64.861004     5.695     0.139  6 54389.37626881 24.964
 63 175.985806  64.864459     5.572     0.459  6 54424.37624228 24.612
 64 175.981500  64.854333    29.643    30.488  8 54459.37624306  9.223
 65 175.988560  64.862996    24.912    23.113  7 54494.37624667  6.642
 66 175.981768  64.858911    30.298    35.857  5 54529.37625669  4.821
 67 175.988325  64.867833    20.384    19.584  5 54564.37625454  6.323
 68 175.977627  64.865342    23.961    23.523  4 54599.37625368  5.808
 69 175.986407  64.856064    30.295    33.109  7 54634.37626422 15.789
 70 175.985506  64.859956    17.299    17.686  6 54669.37626973 17.982
 71 175.990202  64.864353    14.570    14.312  7 54704.37623405 20.300
 72 175.979784  64.857930    12.106    12.135  8 54739.37623197 19.059
 73 175.987991  64.863662     6.022     0.720  6 54774.37621491 25.716
 74 175.980936  64.852009    27.201    31.085  7 54809.37622434 19.924
 75 175.988343  64.861252    31.283    33.927  8 54844.37621294  7.476
 76 175.981289  64.857572    36.077    38.445  9 54879.37622855  4.578
 77 175.986789  64.866411    33.051    33.788  4 54914.37621780  2.077
 78 175.973830  64.865629    26.814    23.630  3 54949.37622285  4.636
 79 175.987476  64.853061    28.418    30.263  5 54984.37624519 34.197
 80 175.987185  64.859204    19.863    22.541  7 55019.37624212 23.635
 82 175.987326  64.867421     7.910     8.298  5 55089.37620031 24.590
 83 175.981677  64.859489    10.076    11.562  7 55124.37617566 43.626
 84 175.986509  64.863430    15.439    14.528  7 55159.37616050 25.035
 85 175.978389  64.855665    36.080    36.416  9 55194.37616530  7.281
 86 175.988888  64.863699    36.293    35.999  7 55229.37616268  4.498
 87 175.983666  64.859173    39.066    39.242  7 55264.37616092  3.264
 88 175.991171  64.863783    38.070    37.909  7 55299.37614570  1.779
 89 175.986613  64.859326    38.401    37.951  6 55334.37613853  2.277
 90 175.988749  64.859034    25.229    24.014  7 55369.37612939 21.807
 91 175.976335  64.862577     6.139     1.986  6 55404.37614742 20.968
 92 175.987834  64.862698    18.541    19.993  7 55439.37614853 18.630
 93 175.989755  64.868009    13.669    13.848  7 55474.37609547 37.755
