-162007.646   582.763     0.00   12.25
-161632.671   579.338    -9.13   15.80
-161257.774   563.862   -41.28   34.54
-160882.956   539.664   -64.57   44.88
-160508.217   510.208   -78.62   38.24
-160133.557   493.307   -45.11   25.80
-159758.975   490.423    -7.70   19.26
-159384.471   511.579    56.50   37.07
-159010.047   549.409   101.05   48.85
-158635.700   586.513    99.13   43.09
-158261.432   617.116    81.77   25.11
-157887.243   630.382    35.46   16.68
-157513.131   633.552     8.48   13.90
-157139.098   621.903   -31.15   21.80
-156765.143   601.999   -53.23   32.26
-156391.267   565.793   -96.85   45.15
-156017.468   531.024   -93.03   37.04
-155643.748   510.286   -55.50   26.87
-155270.105   499.318   -29.36   22.52
-154896.541   501.782     6.60   25.63
-154523.054   505.357     9.57   24.65
-154149.645   500.916   -11.90   23.15
-153776.315   495.782   -13.75   23.39
-153403.062   488.924   -18.38   22.75
-153029.886   492.376     9.25   25.60
-152656.789   509.786    46.67   32.76
-152283.769   518.675    23.83   35.69
-151910.826   528.041    25.12   30.27
-151537.961   526.084    -5.25   26.70
-151165.174   525.382    -1.88   24.07
-150792.464   527.568     5.87   26.05
-150419.831   537.247    25.98   26.16
-150047.276   544.477    19.41   24.45
-149674.798   542.993    -3.98   26.30
-149302.398   535.541   -20.01   27.35
-148930.074   529.025   -17.50   25.07
-148557.828   535.417    17.17   26.75
-148185.659   551.541    43.33   29.36
-147813.567   572.427    56.14   26.46
-147441.552   580.610    22.00   23.00
-147069.614   571.537   -24.40   33.17
-146697.752   550.819   -55.72   42.99
-146325.968   518.772   -86.21   42.90
-145954.261   493.945   -66.80   33.99
-145582.630   472.328   -58.17   23.45
-145211.076   460.944   -30.64   19.48
-144839.599   454.967   -16.09   17.84
-144468.198   454.761    -0.55   17.19
-144096.874   458.621    10.40   18.71
-143725.627   463.537    13.24   17.56
-143354.456   468.313    12.87   14.87
-142983.361   467.222    -2.94   13.38
-142612.343   472.897    15.30   14.97
-142241.401   485.309    33.46   22.84
-141870.536   505.486    54.41   24.71
-141499.747   528.190    61.24   25.29
-141129.034   549.531    57.57   23.63
-140758.397   571.552    59.42   23.72
-140387.836   589.911    49.55   21.10
-140017.352   603.626    37.02   16.19
-139646.943   607.909    11.56   15.01
-139276.610   604.541    -9.10   20.91
-138906.354   596.235   -22.44   22.74
-138536.173   588.976   -19.61   22.85
-138166.068   581.911   -19.09   23.10
-137796.039   578.416    -9.45   22.05
-137426.086   570.733   -20.77   15.59
-137056.208   563.677   -19.08   13.74
-136686.406   552.284   -30.81   21.36
-136316.680   533.479   -50.87   28.41
-135947.029   515.200   -49.46   25.30
-135577.454   498.775   -44.45   17.66
-135207.954   485.452   -36.06   12.75
-134838.530   482.159    -8.92   12.19
-134469.181   481.094    -2.88   12.61
-134099.907   483.382     6.19   11.38
-133730.709   492.909    25.81   12.86
-133361.586   505.331    33.65   22.27
-132992.538   523.160    48.32   26.76
-132623.566   544.926    59.00   29.76
-132254.668   566.559    58.65   30.87
-131885.846   589.179    61.34   36.23
-131517.098   610.149    56.88   34.02
-131148.426   618.924    23.80   29.39
-130779.828   611.160   -21.07   41.20
-130411.305   589.318   -59.27   52.28
-130042.858   561.286   -76.09   59.94
-129674.485   535.858   -69.04   63.64
-129306.186   509.567   -71.39   64.03
-128937.963   486.709   -62.08   61.69
-128569.814   460.804   -70.37   51.95
-128201.740   440.763   -54.45   41.45
-127833.740   423.189   -47.76   26.55
-127465.815   421.616    -4.28   24.20
-127097.964   444.531    62.30   51.17
-126730.188   503.293   159.79  101.20
-126362.486   583.874   219.17  119.09
-125994.858   639.768   152.05   93.84
-125627.305   681.977   114.85   75.18
-125259.826   682.223     0.67   84.73
-124892.422   630.929  -139.63   94.99
-124525.091   586.137  -121.95  113.94
-124157.835   528.229  -157.69   99.08
-123790.652   484.933  -117.93   57.94
-123423.544   460.981   -65.25   24.95
-123056.509   465.882    13.35   23.72
-122689.549   479.672    37.58   32.62
-122322.663   500.062    55.58   47.78
-121955.850   508.038    21.75   43.14
-121589.111   512.836    13.08   46.63
-121222.446   508.895   -10.75   52.06
-120855.855   491.513   -47.42   50.61
-120489.337   479.363   -33.15   50.75
-120122.893   473.771   -15.26   60.50
-119756.523   480.860    19.35   66.29
-119390.226   482.280     3.88   66.75
-119024.003   466.290   -43.67   58.90
-118657.853   451.460   -40.51   55.23
-118291.776   423.350   -76.79   50.65
-117925.773   399.621   -64.84   42.30
-117559.843   374.327   -69.13   33.55
-117193.987   352.610   -59.36   30.16
-116828.204   329.278   -63.79   21.16
-116462.494   313.648   -42.74   16.42
-116085.309   302.582   -29.34   11.11
-115704.358   300.768    -4.76   12.67
-115323.487   313.127    32.45   31.28
-114942.697   353.051   104.85   64.16
-114561.987   409.755   148.96   76.42
-114181.358   480.696   186.39   86.18
-113800.809   539.999   155.85   69.44
-113420.340   584.234   116.27   60.03
-113039.951   613.242    76.27   41.43
-112659.643   621.052    20.54   32.21
-112279.414   618.127    -7.69   30.61
-111899.266   606.300   -31.11   32.03
-111519.198   600.560   -15.10   36.81
-111139.209   595.822   -12.47   44.92
-110759.301   597.927     5.54   52.62
-110379.472   600.083     5.68   56.68
-109999.723   600.050    -0.09   50.57
-109620.054   591.903   -21.46   48.55
-109240.465   588.661    -8.54   47.34
-108860.955   586.796    -4.91   48.34
-108481.525   592.934    16.18   49.04
-108102.175   597.234    11.34   52.34
-107722.904   579.775   -46.04   73.51
-107343.712   554.735   -66.04   86.02
-106964.600   511.216  -114.80   90.94
-106585.567   468.898  -111.65   82.85
-106206.614   433.738   -92.79   68.88
-105827.739   400.170   -88.61   51.78
-105448.945   374.593   -67.53   23.48
-105070.229   376.675     5.50   27.61
-104691.592   401.442    65.42   46.24
-104313.034   441.266   105.21   53.83
-103934.556   495.126   142.32   55.68
-103556.156   535.965   107.93   47.15
-103177.836   567.311    82.86   30.88
-102799.594   571.255    10.43   28.04
-102421.431   550.453   -55.01   44.98
-102043.347   520.137   -80.19   48.23
-101665.341   483.279   -97.51   43.69
-101287.414   450.566   -86.56   40.88
-100909.566   426.561   -63.54   35.33
-100531.797   405.460   -55.86   29.38
-100154.105   381.040   -64.66   29.53
 -99776.493   367.582   -35.64   28.68
 -99398.959   364.718    -7.59   32.23
 -99021.503   360.271   -11.78   35.94
 -98644.126   346.985   -35.21   40.04
 -98266.827   331.206   -41.83   34.09
 -97889.606   327.772    -9.10   31.06
 -97512.463   337.936    26.95   43.78
 -97135.399   363.374    67.47   55.09
 -96758.412   386.286    60.78   53.66
 -96381.504   406.414    53.41   56.42
 -96004.673   402.854    -9.45   62.58
 -95627.921   388.159   -39.01   67.39
 -95251.247   356.957   -82.84   50.88
 -94874.650   350.567   -16.97   44.40
 -94498.131   370.479    52.89   69.76
 -94121.690   408.277   100.41   81.74
 -93745.327   430.843    59.96   71.28
 -93369.041   422.438   -22.34   69.47
 -92992.833   418.229   -11.19   68.85
 -92616.703   415.300    -7.79   62.85
 -92240.650   437.666    59.48   69.60
 -91864.674   482.985   120.55   71.48
 -91488.776   504.360    56.87   65.38
 -91112.956   511.753    19.67   63.81
 -90737.212   514.327     6.85   59.00
 -90361.546   534.376    53.37   55.95
 -89985.958   559.082    65.78   58.95
 -89610.446   576.793    47.17   62.73
 -89235.012   593.493    44.49   65.22
 -88859.654   595.116     4.32   64.68
 -88484.374   586.005   -24.28   66.91
 -88109.171   562.417   -62.87   63.73
 -87734.045   538.705   -63.22   59.54
 -87358.995   515.492   -61.90   59.76
 -86984.023   496.760   -49.96   61.23
 -86609.127   492.997   -10.04   70.71
 -86234.308   505.137    32.39   83.25
 -85859.566   559.313   144.58   99.92
 -85484.901   609.224   133.22   80.48
 -85110.312   638.555    78.31   64.36
 -84735.800   662.307    63.42   77.38
 -84361.364   687.105    66.23  113.02
 -83987.005   717.266    80.57  117.55
 -83612.722   737.880    55.08   98.20
 -83238.516   708.561   -78.35   97.84
 -82864.386   645.989  -167.26  112.81
 -82490.332   558.909  -232.82  122.75
 -82116.355   486.581  -193.41   88.46
 -81742.454   454.779   -85.06   60.73
 -81368.629   426.860   -74.69   55.34
 -80994.880   397.094   -79.65   51.04
 -80621.207   381.930   -40.58   44.49
 -80247.610   389.170    19.38   56.81
 -79874.089   399.860    28.62   63.53
 -79500.644   421.540    58.06   61.92
 -79127.276   442.471    56.06   55.24
 -78753.982   438.395   -10.92   48.60
 -78380.765   422.260   -43.24   53.89
 -78007.624   406.572   -42.05   50.78
 -77634.558   393.094   -36.13   44.71
 -77261.568   393.467     1.00   46.48
 -76888.653   397.632    11.17   44.73
 -76515.814   400.226     6.96   41.70
 -76143.051   392.985   -19.42   45.45
 -75770.363   380.571   -33.31   37.14
 -75397.750   374.676   -15.82   43.05
 -75025.213   359.846   -39.81   48.76
 -74652.752   353.016   -18.34   47.14
 -74280.365   348.400   -12.40   49.83
 -73908.054   362.887    38.91   65.93
 -73535.818   382.661    53.12   65.08
 -73163.657   382.931     0.72   61.10
 -72791.572   375.320   -20.46   60.49
 -72419.561   359.266   -43.16   53.81
 -72047.626   348.569   -28.76   48.07
 -71675.765   333.793   -39.74   46.25
 -71303.979   320.953   -34.54   46.71
 -70932.269   320.051    -2.43   45.92
 -70560.633   328.346    22.32   58.36
 -70189.072   353.692    68.22   65.40
 -69817.586   370.249    44.57   63.19
 -69446.174   354.313   -42.91   60.53
 -69074.837   333.226   -56.79   50.59
 -68703.575   318.533   -39.58   43.53
 -68332.387   309.922   -23.20   39.85
 -67961.274   301.849   -21.75   32.87
 -67590.235   301.246    -1.62   32.13
 -67219.271   300.015    -3.32   38.51
 -66848.381   297.255    -7.44   41.09
 -66477.566   279.150   -48.83   45.80
 -66106.825   245.434   -90.95   57.13
 -65736.158   204.337  -110.88   56.59
 -65365.566   172.138   -86.89   35.47
 -64995.047   155.104   -45.98    7.91
 -64624.603   159.192    11.04   11.74
 -64254.233   168.057    23.94   16.63
 -63883.937   182.540    39.11   21.66
 -63513.715   195.437    34.84   19.65
 -63143.567   204.463    24.39   14.59
 -62773.492   207.013     6.89   10.34
 -62403.492   205.746    -3.43    9.74
 -62033.566   202.229    -9.51   10.00
 -61663.713   199.855    -6.42   10.80
 -61293.934   198.160    -4.58    9.80
 -60924.229   199.854     4.58   10.08
 -60554.597   209.127    25.09   19.38
 -60185.039   222.437    36.02   21.85
 -59815.555   229.555    19.26   17.03
 -59446.144   229.720     0.45   20.10
 -59076.806   218.482   -30.43   25.65
 -58707.543   207.895   -28.67   25.26
 -58338.352   199.427   -22.94   27.15
 -57969.235   191.057   -22.67   24.89
 -57600.191   184.427   -17.97   24.07
 -57231.220   176.922   -20.34   23.02
 -56862.323   162.061   -40.29   23.01
 -56493.499   151.866   -27.64   21.54
 -56124.748   146.269   -15.18   18.45
 -55756.070   148.705     6.61   22.17
 -55387.465   160.993    33.34   29.58
 -55018.933   178.405    47.25   29.00
 -54650.474   192.891    39.32   19.42
 -54282.088   195.616     7.40   13.34
 -53913.775   195.010    -1.65    9.18
 -53545.535   194.632    -1.03   10.48
 -53177.367   193.786    -2.30   12.91
 -52809.272   198.940    14.00   16.47
 -52441.250   201.081     5.82   17.29
 -52073.301   198.346    -7.43   16.24
 -51705.424   194.172   -11.35   14.38
 -51337.620   186.204   -21.67   11.52
 -50969.888   177.916   -22.54   11.37
 -50602.229   168.470   -25.69   14.68
 -50234.642   156.687   -32.06   17.24
 -49867.128   145.771   -29.70   16.56
 -49499.686   140.401   -14.61   16.49
 -49132.317   134.709   -15.50   16.75
 -48765.019   135.313     1.65   18.43
 -48397.794   136.790     4.02   19.05
 -48030.641   139.083     6.25   17.02
 -47663.561   139.840     2.06   13.28
 -47296.552   134.516   -14.51   12.96
 -46929.615   128.327   -16.87   10.75
 -46562.751   125.522    -7.64    7.88
 -46195.958   126.793     3.47    7.59
 -45829.238   128.790     5.44    6.45
 -45462.589   128.833     0.12    5.34
 -45096.012   125.651    -8.68    6.43
 -44729.507   121.246   -12.02    5.95
 -44363.074   117.325   -10.70    4.57
 -43996.713   114.951    -6.48    3.73
 -43630.423   112.016    -8.01    4.17
 -43264.205   108.412    -9.84    4.57
 -42898.058   104.695   -10.15    5.40
 -42531.983    98.318   -17.42    7.72
 -42165.980    91.720   -18.03   10.58
 -41800.048    83.971   -21.18   11.23
 -41427.318    76.489   -20.07   10.79
 -41046.525    69.891   -17.33    8.46
 -40665.811    65.227   -12.25    7.15
 -40285.174    61.338   -10.22    6.75
 -39904.617    58.738    -6.83    6.84
 -39524.137    57.511    -3.22    7.11
 -39143.735    57.538     0.07    6.87
 -38763.412    58.588     2.76    5.20
 -38383.167    58.013    -1.51    4.70
 -38003.000    57.441    -1.50    3.95
 -37622.911    56.071    -3.61    3.97
 -37242.899    54.260    -4.77    3.94
 -36862.966    51.750    -6.61    3.92
 -36483.111    49.138    -6.88    3.94
 -36103.333    47.017    -5.59    4.07
 -35723.633    44.993    -5.33    3.56
 -35344.011    43.905    -2.87    3.08
 -34964.467    43.149    -1.99    2.61
 -34585.000    42.139    -2.66    2.84
 -34205.611    38.258   -10.23    7.06
 -33826.299    31.186   -18.65   11.42
 -33447.065    22.561   -22.74   12.02
 -33067.908    14.433   -21.44    8.20
 -32688.829     9.882   -12.01    3.53
 -32309.827     8.580    -3.44    2.25
 -31930.902     9.295     1.89    3.85
 -31552.055    10.818     4.02    4.81
 -31173.285    13.649     7.47    5.13
 -30794.591    15.306     4.38    3.52
 -30415.975    14.973    -0.88    3.57
 -30037.437    14.662    -0.82    3.89
 -29658.975    13.632    -2.72    3.45
 -29280.590    12.979    -1.73    3.75
 -28902.282    10.269    -7.16    4.44
 -28524.051     7.509    -7.30    4.14
 -28145.896     4.193    -8.77    3.51
 -27767.819     2.405    -4.73    3.03
 -27389.818     0.871    -4.06    2.67
 -27011.894    -0.207    -2.85    1.73
 -26634.047    -0.507    -0.79    1.37
 -26256.276    -0.884    -1.00    0.00
 -25878.582    -0.884     0.00    0.00
 -25500.964    -0.884     0.00    0.00
 -25123.423    -0.884     0.00    0.00
 -24745.958    -0.884     0.00    0.00
 -24368.569    -0.884     0.00    0.00
 -23991.257    -0.884     0.00    0.00
 -23614.021    -0.884     0.00    0.00
 -23236.862    -0.884     0.00    0.00
 -22859.778    -0.884     0.00    0.00
 -22482.771    -0.884     0.00    0.00
 -22105.840    -0.884     0.00    0.00
 -21728.984    -0.884     0.00    0.00
 -21352.205    -0.884     0.00    0.00
 -20975.502    -0.884     0.00    0.00
 -20598.875    -0.884     0.00    0.00
 -20222.323    -0.884     0.00    0.00
 -19845.848    -0.884     0.00    0.00
 -19469.448    -0.884     0.00    0.00
 -19093.124    -0.884     0.00    0.00
 -18716.876    -0.884     0.00    0.00
 -18340.703    -0.884     0.00    0.00
 -17964.606    -0.884     0.00    0.00
 -17588.584    -0.884     0.00    0.00
 -17212.638    -0.884     0.00    0.00
 -16836.768    -0.884     0.00    0.00
 -16460.972    -0.884     0.00    0.00
 -16085.253    -0.884     0.00    0.00
 -15709.608    -0.884     0.00    0.00
 -15334.039    -0.884     0.00    0.00
 -14958.545    -0.884     0.00    0.00
 -14583.126    -0.884     0.00    0.00
 -14207.783    -0.884     0.00    0.00
 -13832.514    -0.884     0.00    0.00
 -13457.321    -0.862     0.06    0.21
 -13082.202    -0.784     0.21    0.50
 -12707.159    -0.782     0.01    0.50
 -12332.190    -0.783    -0.00    0.50
 -11957.297    -0.884    -0.27    0.00
 -11582.478    -0.884     0.00    0.00
 -11207.734    -0.884     0.00    0.00
 -10833.065    -0.884     0.00    0.00
 -10458.470    -0.884     0.00    0.00
 -10083.950    -0.884     0.00    0.00
  -9709.505    -0.793     0.24    0.49
  -9335.134    -0.795    -0.01    0.49
  -8960.838    -0.796    -0.00    0.49
  -8586.616    -0.773     0.06    0.51
  -8212.469    -0.829    -0.15    0.35
  -7838.396    -0.709     0.32    0.69
  -7464.398    -0.333     1.01    1.03
  -7090.473     0.193     1.41    1.44
  -6716.623     1.511     3.52    2.15
  -6342.848     2.464     2.55    2.25
  -5969.146     2.723     0.69    2.63
  -5595.519     3.206     1.29    2.85
  -5221.965     3.232     0.07    2.90
  -4848.486     3.284     0.14    2.65
  -4475.081     3.282    -0.01    2.10
  -4101.749     2.006    -3.42    1.97
  -3728.492     0.927    -2.89    1.78
  -3355.308     0.061    -2.32    1.19
  -2982.199    -0.349    -1.10    0.72
  -2609.163    -0.529    -0.48    0.62
  -2236.201    -0.480     0.13    0.75
  -1863.312    -0.053     1.14    1.23
  -1490.497     1.104     3.10    2.37
  -1117.756     1.823     1.93    2.41
   -745.088     2.211     1.04    2.24
   -372.494     1.352    -2.31    2.42
      0.026    -0.037    -3.73    1.27
    372.474    -0.195    -0.42    1.24
    744.848     1.047     3.34    3.17
   1117.148     3.554     6.73    4.36
   1489.375     6.027     6.64    3.93
   1861.529     7.016     2.66    3.02
   2233.610     7.207     0.51    3.02
   2605.617     6.700    -1.36    3.55
   2977.552     6.411    -0.78    3.62
   3349.413     7.857     3.89    3.96
   3721.201     8.416     1.50    3.58
   4092.916     9.093     1.82    3.39
   4464.559     9.182     0.24    2.87
   4836.128     7.254    -5.19    3.33
   5207.624     7.037    -0.58    3.65
   5579.048     5.529    -4.06    3.77
   5950.399     4.441    -2.93    3.96
   6321.677     3.830    -1.65    4.00
   6692.882     2.779    -2.83    3.04
   7064.015     3.080     0.81    2.99
   7435.075     3.003    -0.21    3.03
   7806.063     4.354     3.64    3.99
   8176.978     5.749     3.76    4.37
   8547.820     7.163     3.81    4.07
   8918.590     8.258     2.95    3.65
   9289.288     8.174    -0.23    4.01
   9659.913     7.533    -1.73    4.15
  10030.466     7.046    -1.32    4.28
  10400.946     5.958    -2.94    3.93
  10771.355     6.828     2.35    4.28
  11141.691     6.610    -0.59    3.88
  11511.955     6.047    -1.52    3.93
  11882.147     5.968    -0.21    4.10
  12252.266     5.228    -2.00    3.49
  12622.314     5.888     1.78    3.39
  12992.290     5.880    -0.02    3.48
  13362.194     5.360    -1.41    3.05
  13732.025     4.812    -1.48    2.86
  14101.786     4.033    -2.11    2.58
  14471.474     4.385     0.95    2.62
  14841.090     4.735     0.95    2.66
  15210.635     5.909     3.18    2.70
  15580.108     6.473     1.53    2.74
  15949.509     6.951     1.29    3.57
  16318.839     9.433     6.72    5.18
  16688.097    11.307     5.07    5.85
  17057.283    14.557     8.81    6.75
  17426.398    16.430     5.07    4.97
  17795.442    17.242     2.20    4.87
  18164.414    18.936     4.59    5.01
  18533.315    19.320     1.04    3.96
  18902.145    21.082     4.78    5.18
  19270.903    23.265     5.92    6.10
  19639.590    24.488     3.32    6.12
  20008.206    25.756     3.44    6.04
  20376.750    24.151    -4.36    6.74
  20745.224    23.763    -1.05    7.06
  21113.626    25.223     3.96    7.34
  21481.957    30.974    15.61   11.40
  21850.218    39.544    23.27   12.27
  22218.407    52.215    34.41   20.37
  22586.525    63.943    31.86   22.69
  22954.573    77.149    35.88   24.83
  23322.550    88.449    30.71   30.19
  23690.456   103.920    42.05   41.88
  24058.291   113.832    26.94   52.99
  24426.055   122.593    23.82   59.39
  24793.749   115.599   -19.02   54.37
  25161.372   111.024   -12.44   45.71
  25528.925   100.981   -27.32   38.35
  25896.407    92.794   -22.28   34.95
  26263.818    81.736   -30.10   28.07
  26631.159    71.354   -28.26   22.86
  26998.430    58.905   -33.90   18.15
  27365.630    50.574   -22.68   18.23
  27732.760    40.689   -26.93   13.63
  28099.819    35.748   -13.46    8.81
  28466.809    42.525    18.47   15.91
  28833.728    61.263    51.07   31.64
  29200.576    90.920    80.84   38.50
  29567.355   109.282    50.06   33.25
  29934.064   110.978     4.62   30.64
  30300.702    94.693   -44.41   37.11
  30667.270    68.406   -71.71   30.02
  31033.769    50.604   -48.57   23.09
  31400.197    43.199   -20.21   16.19
  31766.556    55.775    34.33   31.94
  32132.845    74.639    51.50   42.08
  32499.064    98.538    65.26   41.81
  32865.213   117.920    52.93   32.82
  33233.832   137.227    52.37   31.42
  33614.468   152.311    39.63   39.29
  33995.027   157.823    14.48   37.48
  34375.510   150.371   -19.59   37.33
  34755.917   129.536   -54.77   34.80
  35136.248   112.925   -43.67   17.14
  35516.503   106.400   -17.16   18.52
  35896.681    93.284   -34.50   26.33
  36276.784    75.771   -46.07   28.82
  36656.810    61.032   -38.78   20.00
  37036.761    66.698    14.91   25.76
  37416.636    82.199    40.80   37.11
  37796.434    95.616    35.32   38.47
  38176.157    94.833    -2.06   42.24
  38555.805    80.241   -38.44   42.12
  38935.376    57.860   -58.96   22.80
  39314.872    49.377   -22.35   12.15
  39694.292    45.690    -9.72    3.94
  40073.637    46.217     1.39    3.38
  40452.906    48.257     5.38    4.96
  40832.099    50.868     6.89    5.56
  41211.217    54.911    10.66    6.91
  41590.260    60.138    13.79    8.81
  41969.227    68.441    21.91   14.30
  42348.119    78.426    26.35   17.83
  42726.936    91.559    34.67   20.63
  43105.677   103.483    31.48   20.69
  43484.344   115.445    31.59   21.34
  43862.935   128.616    34.79   25.75
  44241.451   148.377    52.21   36.42
  44619.892   164.639    42.97   38.13
  44998.257   195.150    80.63   53.37
  45376.548   214.257    50.51   68.07
  45754.764   238.905    65.17   78.53
  46132.906   269.128    79.92   84.75
  46510.972   274.400    13.94   71.94
  46888.963   292.786    48.64   53.47
  47266.880   288.759   -10.66   46.33
  47644.722   293.489    12.52   44.67
  48022.490   323.254    78.79   49.45
  48400.182   346.393    61.26   45.20
  48777.801   351.039    12.30   36.70
  49155.344   343.826   -19.10   42.73
  49532.814   313.349   -80.74   48.25
  49910.208   279.763   -88.99   44.12
  50287.529   260.013   -52.34   42.96
  50664.775   239.461   -54.48   40.67
  51041.946   220.093   -51.35   40.95
  51419.044   196.976   -61.30   39.95
  51796.067   181.570   -40.86   31.85
  52173.016   173.057   -22.58   28.19
  52549.891   175.644     6.86   31.68
  52926.692   178.380     7.26   27.07
  53303.418   185.025    17.64   30.04
  53680.071   190.357    14.16   32.85
  54056.650   198.082    20.51   34.88
  54433.155   219.116    55.86   46.11
  54809.586   247.138    74.44   52.75
  55185.943   268.909    57.84   45.32
  55562.226   278.925    26.62   46.15
  55938.436   288.964    26.69   45.28
  56314.571   290.498     4.08   43.52
  56690.634   284.525   -15.88   43.13
  57066.622   267.383   -45.59   51.35
  57442.537   228.309  -103.94   49.25
  57818.379   206.209   -58.80   33.12
  58194.147   202.241   -10.56   37.59
  58569.841   209.644    19.70   46.10
  58945.462   224.046    38.34   38.96
  59321.010   244.468    54.38   44.91
  59696.485   276.491    85.28   61.70
  60071.886   310.953    91.80   54.07
  60447.214   327.809    44.91   38.60
  60822.468   322.679   -13.67   41.40
  61197.650   303.775   -50.38   39.10
  61572.758   291.797   -31.93   29.90
  61947.794   284.904   -18.38   26.44
  62322.756   288.752    10.26   27.52
  62697.646   311.172    59.80   39.38
  63072.462   339.523    75.63   55.61
  63447.206   380.536   109.44   56.29
  63821.876   397.697    45.80   45.43
  64196.474   398.411     1.91   42.36
  64571.000   407.809    25.09   55.10
  64945.452   432.245    65.26   71.33
  65319.832   449.718    46.67   65.36
  65694.139   456.854    19.06   60.93
  66068.373   460.360     9.37   70.02
  66442.535   479.547    51.28   89.33
  66816.625   533.174   143.34   97.23
  67190.641   585.161   138.99   97.55
  67564.586   608.621    62.73  105.34
  67938.458   637.222    76.49   99.05
  68312.258   675.790   103.17   98.88
  68685.985   695.104    51.68   90.17
  69059.640   733.327   102.29   76.86
  69433.223   737.988    12.47   73.37
  69806.734   730.610   -19.75   84.86
  70180.173   739.934    24.97  102.94
  70553.539   747.116    19.23  120.09
  70926.834   769.152    59.03  107.76
  71300.056   785.320    43.32   93.68
  71673.207   806.656    57.17   78.83
  72046.285   803.991    -7.14   80.05
  72419.292   763.534  -108.45  105.87
  72792.227   703.369  -161.32  117.60
  73165.090   623.403  -214.45   96.80
  73537.881   577.104  -124.19   94.09
  73910.600   527.663  -132.64   78.57
  74283.248   512.989   -39.38   73.67
  74655.824   530.304    46.47   85.37
  75028.329   591.771   165.00  102.65
  75400.762   687.461   256.92  102.96
  75773.123   730.782   116.34   91.35
  76145.413   735.634    13.03   87.02
  76517.632   707.471   -75.66   95.65
  76889.779   644.188  -170.04   92.54
  77261.855   608.886   -94.87   74.85
  77633.859   593.153   -42.29   71.11
  78005.793   570.104   -61.97   79.00
  78377.655   555.713   -38.70   75.84
  78749.445   514.104  -111.91   71.61
  79121.165   467.835  -124.47   70.94
  79492.813   441.343   -71.28   70.80
  79864.391   430.567   -29.00   65.84
  80235.897   458.513    75.22   79.30
  80607.333   495.806   100.40   73.89
  80978.697   512.604    45.23   69.01
  81349.990   550.198   101.24   85.53
  81721.213   597.277   126.81  106.18
  82092.365   622.413    67.72   92.75
  82463.446   624.695     6.15   81.42
  82834.456   583.863  -110.05   96.99
  83205.396   499.516  -227.37   91.25
  83576.265   432.395  -180.97   64.49
  83947.063   386.313  -124.27   53.64
  84317.791   348.527  -101.92   44.11
  84688.448   313.300   -95.04   35.98
  85059.034   286.883   -71.28   27.52
  85429.551   264.116   -61.44   19.26
  85799.996   260.354   -10.15   23.30
  86170.372   269.875    25.70   38.47
  86540.677   278.244    22.60   39.76
  86910.911   276.410    -4.95   37.46
  87281.076   264.196   -32.99   40.18
  87651.170   237.296   -72.68   29.57
  88021.194   219.162   -49.01   13.64
  88391.148   216.189    -8.04   14.58
  88761.031   237.711    58.18   39.56
  89130.845   273.152    95.83   58.36
  89500.589   316.323   116.75   59.65
  89870.262   344.481    76.17   46.93
  90239.866   353.945    25.60   41.04
  90609.400   361.186    19.59   35.36
  90978.864   352.242   -24.21   30.40
  91348.258   338.092   -38.30   32.56
  91717.582   306.732   -84.90   48.27
  92086.836   268.569  -103.34   49.32
  92456.021   232.927   -96.53   35.22
  92825.136   216.547   -44.37   19.94
  93194.182   214.820    -4.68   16.85
  93563.158   227.163    33.45   23.77
  93932.064   239.744    34.10   27.77
  94300.901   244.557    13.05   26.85
  94669.668   246.699     5.81   26.25
  95038.366   247.012     0.85   24.69
  95406.994   255.532    23.11   30.64
  95775.554   266.472    29.68   32.88
  96144.043   275.128    23.49   27.56
  96512.464   280.582    14.80   20.65
  96880.815   291.933    30.81   21.98
  97249.097   307.422    42.06   30.10
  97617.310   339.212    86.33   49.33
  97985.454   388.736   134.51   65.84
  98353.529   421.313    88.50   52.27
  98721.534   425.151    10.43   40.73
  99089.471   403.763   -58.12   48.33
  99457.338   372.329   -85.44   39.55
  99825.137   361.410   -29.69   28.92
 100192.867   362.220     2.20   27.67
 100560.528   361.255    -2.62   33.04
 100928.120   351.826   -25.65   39.56
 101295.643   331.564   -55.13   33.82
 101663.098   322.031   -25.94   21.99
 102030.484   336.616    39.69   31.88
 102397.801   358.412    59.33   32.55
 102765.050   357.888    -1.43   34.87
 103132.230   341.103   -45.71   43.04
 103499.341   313.604   -74.90   36.32
 103866.384   291.854   -59.25   21.95
 104233.359   291.837    -0.05   23.70
 104600.265   310.988    52.19   43.81
 104967.102   338.104    73.91   49.41
 105333.872   360.163    60.14   40.29
 105700.573   371.662    31.36   29.56
 106067.205   372.081     1.14   26.50
 106433.770   361.711   -28.29   23.85
 106800.266   348.116   -37.09   24.26
 107166.694   329.347   -51.22   28.56
 107533.054   311.718   -48.12   30.17
 107899.346   295.807   -43.43   18.66
 108278.364   300.174    11.52   23.39
 108658.772   317.701    46.07   33.20
 109039.104   328.127    27.41   31.23
 109419.363   323.747   -11.52   31.28
 109799.548   310.886   -33.83   28.90
 110179.658   299.011   -31.24   26.34
 110559.694   289.575   -24.83   31.40
 110939.657   284.511   -13.33   31.79
 111319.545   280.644   -10.18   24.46
 111699.359   274.959   -14.97   13.70
 112079.100   282.047    18.66   18.56
 112458.766   289.380    19.31   21.38
 112838.359   293.981    12.12   20.78
 113217.878   300.651    17.57   17.82
 113597.324   309.389    23.03   18.99
 113976.695   329.840    53.90   30.99
 114355.993   356.477    70.22   35.36
 114735.217   396.300   105.00   51.22
 115114.368   433.585    98.33   57.62
 115493.445   454.616    55.47   51.64
 115872.449   455.933     3.47   60.89
 116251.379   434.081   -57.66   72.17
 116630.236   404.461   -78.17   70.15
 117009.020   395.209   -24.43   70.86
 117387.730   389.461   -15.18   75.67
 117766.367   363.323   -69.03   71.05
 118144.931   324.366  -102.90   59.81
 118523.422   293.254   -82.19   37.31
 118901.839   281.732   -30.44   21.89
 119280.183   288.511    17.92   27.37
 119658.455   304.995    43.57   32.45
 120036.653   323.638    49.29   34.24
 120414.778   339.504    41.95   35.60
 120792.831   353.682    37.50   36.99
 121170.810   379.391    68.01   46.33
 121548.717   411.197    84.15   56.41
 121926.551   459.802   128.63   68.92
 122304.312   520.848   161.59   82.93
 122682.000   582.244   162.54   75.97
 123059.616   625.985   115.82   64.62
 123437.159   646.739    54.97   56.94
 123814.629   638.835   -20.94   70.26
 124192.027   629.265   -25.36   87.15
 124569.353   608.214   -55.78  102.57
 124946.606   605.966    -5.96   95.95
 125323.786   594.992   -29.09   87.56
 125700.894   554.357  -107.74   86.70
 126077.930   518.542   -94.98   84.77
 126454.893   503.210   -40.67   74.58
 126831.785   521.906    49.60   76.49
 127208.603   545.162    61.71   70.10
 127585.350   570.980    68.52   66.97
 127962.025   602.488    83.64   76.25
 128338.627   609.116    17.60   79.30
 128715.158   576.978   -85.34   98.26
 129091.616   534.393  -113.11   84.33
 129468.003   527.011   -19.61   65.20
 129844.317   546.393    51.50   71.60
 130220.560   574.592    74.94   63.83
 130596.731   582.744    21.67   58.68
 130972.830   566.116   -44.21   65.77
 131348.857   533.704   -86.19   66.45
 131724.813   511.313   -59.55   54.67
 132100.697   501.441   -26.26   41.37
 132476.509   504.069     6.99   39.84
 132852.249   500.709    -8.94   44.20
 133227.918   485.199   -41.28   45.73
 133603.516   463.070   -58.91   44.33
 133979.042   458.400   -12.43   40.91
 134354.496   470.067    31.07   50.24
 134729.879   498.316    75.24   57.30
 135105.191   538.196   106.25   57.07
 135480.432   580.961   113.95   62.61
 135855.601   626.366   121.01   69.66
 136230.699   653.196    71.52   76.01
 136605.725   653.794     1.59   78.81
 136980.681   645.306   -22.64   81.16
 137355.565   632.150   -35.09   71.19
 137730.379   627.413   -12.64   50.66
 138105.121   642.961    41.48   40.44
 138479.792   634.883   -21.56   43.72
 138854.393   612.162   -60.65   50.89
 139228.922   597.682   -38.66   58.38
 139603.381   580.802   -45.07   58.03
 139977.768   579.504    -3.47   59.46
 140352.085   604.544    66.89   66.34
 140726.332   627.371    60.99   64.13
 141100.507   640.139    34.12   63.39
 141474.612   635.959   -11.17   69.78
 141848.646   611.464   -65.48   69.70
 142222.609   580.313   -83.29   55.46
 142596.502   563.913   -43.86   58.90
 142970.325   561.457    -6.57   63.15
 143344.077   573.999    33.55   63.65
 143717.758   581.561    20.23   53.16
 144091.369   564.778   -44.92   50.59
 144464.910   536.511   -75.67   61.96
 144838.381   500.633   -96.05   51.22
 145211.781   498.699    -5.18   48.28
 145585.111   512.229    36.24   51.68
 145958.370   533.763    57.68   47.39
 146331.560   543.366    25.73   48.46
 146704.679   526.674   -44.73   61.64
 147077.729   487.848  -104.06   63.08
 147450.708   454.116   -90.43   47.40
 147823.617   436.057   -48.42   27.69
 148196.456   437.871     4.86   32.29
 148569.226   457.152    51.72   45.71
 148941.925   482.325    67.53   49.61
 149314.555   519.874   100.76   52.20
 149687.115   551.116    83.85   47.89
 150059.605   560.869    26.18   49.91
 150432.025   564.082     8.63   52.34
 150804.376   579.878    42.42   60.23
 151176.657   600.247    54.71   63.84
 151548.868   610.651    27.95   60.48
 151921.010   593.711   -45.51   64.52
 152293.082   539.622  -145.36   67.37
 152665.085   501.918  -101.34   49.92
 153037.018   496.845   -13.64   43.23
 153408.882   511.151    38.47   53.79
 153780.677   537.245    70.17   64.53
 154152.402   564.469    73.23   57.31
 154524.058   591.832    73.62   48.24
 154895.644   608.406    44.60   47.09
 155267.161   610.674     6.10   46.75
 155638.610   593.557   -46.07   62.26
 156009.989   553.055  -109.05   72.80
 156381.299   507.556  -122.52   56.00
 156752.539   488.018   -52.62   46.47
 157123.711   484.564    -9.30   53.61
 157494.814   493.513    24.11   56.19
 157865.848   492.139    -3.70   44.93
 158236.813   480.571   -31.18   39.46
 158607.709   473.943   -17.87   38.50
 158978.536   473.943    -0.00   42.23
 159349.294   504.869    83.40   67.09
 159719.984   554.566   134.05   70.21
 160090.605   599.716   121.81   56.73
 160461.157   614.316    39.40   49.62
 160831.640   579.790   -93.18   79.08
 161202.055   532.066  -128.82   72.81
 161572.402   502.704   -79.27   56.69
 161942.680   505.795     8.35   58.73
 162312.889   524.985    51.83   54.63
 162683.030   529.887    13.24   46.29
 163053.102   518.391   -31.06   55.11
 163423.106   497.854   -55.50   55.90
 163793.042   465.563   -87.28   45.65
 164162.909   445.694   -53.71   45.47
 164532.708   425.139   -55.58   37.57
 164902.439   404.325   -56.29   33.33
 165272.102   387.008   -46.84   27.18
 165641.696   381.453   -15.03   23.38
 166011.223   382.257     2.18   27.94
 166380.681   388.127    15.89   26.27
 166750.071   391.104     8.06   23.75
 167119.393   399.139    21.75   37.18
 167488.648   417.398    49.44   55.68
 167857.834   426.185    23.80   58.77
 168226.953   420.542   -15.28   45.99
 168596.003   413.713   -18.50   29.10
 168964.986   415.653     5.26   32.46
 169333.901   438.174    61.04   53.58
 169702.748   479.366   111.66   62.27
 170071.528   514.911    96.37   79.25
 170440.239   554.077   106.21   96.05
 170808.884   584.313    82.01  107.91
 171177.460   620.738    98.81  120.15
 171545.969   654.529    91.69  107.82
 171914.411   677.164    61.43   97.06
 172282.785   673.396   -10.23  103.34
 172651.091   668.421   -13.51  104.29
 173019.331   637.410   -84.20   90.04
 173387.502   612.951   -66.42   86.20
 173755.607   569.830  -117.13   81.59
 174123.644   533.055   -99.91   59.40
 174491.614   510.151   -62.24   40.96
 174859.516   512.569     6.57   51.44
 175227.352   504.835   -21.02   57.41
 175595.120   497.257   -20.60   61.41
 175962.821   481.413   -43.08   57.34
 176330.455   469.822   -31.53   40.21
 176698.023   464.141   -15.45   37.50
 177065.523   469.337    14.14   44.84
 177432.956   475.941    17.97   51.94
 177800.322   479.398     9.41   53.11
 178167.621   490.217    29.45   55.61
 178534.853   490.177    -0.11   50.79
 178902.019   478.823   -30.92   46.86
 179269.118   463.116   -42.78   46.02
 179636.150   437.469   -69.87   42.42
 180003.115   412.280   -68.63   43.88
 180370.014   397.802   -39.45   33.36
 180736.846   399.826     5.52   35.03
 181103.611   413.046    36.04   36.95
 181470.310   432.634    53.41   28.18
 181836.942   442.222    26.15   25.28
 182203.508   447.116    13.35   25.83
 182570.007   436.139   -29.95   36.15
 182945.180   418.513   -46.97   42.92
 183325.437   394.176   -63.99   40.29
 183705.621   370.986   -60.99   33.04
 184085.734   353.770   -45.28   29.24
 184465.774   339.067   -38.68   18.90
 184845.742   333.488   -14.68   10.98
 185225.638   334.116     1.65   10.28
 185605.462   343.453    24.58   20.63
 185985.213   365.735    58.67   48.64
 186364.893   384.778    50.15   55.37
 186744.501   390.857    16.01   51.13
 187124.037   386.041   -12.69   49.21
 187503.501   363.032   -60.62   49.75
 187882.893   330.553   -85.60   32.28
 188262.213   310.116   -53.87   22.64
 188641.462   291.736   -48.46   19.02
 189020.639   274.947   -44.27   19.74
 189399.744   259.375   -41.07   15.87
 189778.778   248.976   -27.43    9.85
 190157.740   242.010   -18.38    6.29
 190536.630   238.508    -9.24    5.92
 190915.450   235.742    -7.30    4.43
 191294.197   234.839    -2.39    3.42
 191672.873   235.759     2.43    3.22
 192051.478   237.750     5.26    6.28
 192430.011   253.257    40.96   28.90
 192808.473   270.292    45.01   37.64
 193186.864   292.598    58.94   38.84
 193565.184   312.572    52.79   27.26
 193943.432   317.492    13.00   22.09
 194321.609   314.332    -8.35   23.72
 194699.716   306.837   -19.82   20.48
 195077.751   301.888   -13.09   13.31
 195455.715   306.901    13.26   13.48
 195833.608   314.872    21.09   14.73
 196211.430   322.257    19.54   15.21
 196589.181   328.673    16.98   15.56
 196966.862   329.933     3.34   19.28
 197344.471   327.498    -6.45   19.67
 197722.010   325.255    -5.94   17.39
 198099.478   322.826    -6.43   15.23
 198476.875   322.723    -0.27   13.52
 198854.202   324.807     5.52   12.49
 199231.458   330.327    14.63   16.45
 199608.643   344.657    37.98   28.80
 199985.758   363.067    48.81   45.97
 200362.803   381.441    48.72   55.68
 200739.776   390.284    23.46   57.17
 201116.680   393.516     8.57   50.17
 201493.513   393.560     0.12   44.01
 201870.276   408.504    39.66   47.92
 202246.968   413.292    12.71   49.95
 202623.590   414.742     3.85   49.74
 203000.142   421.391    17.65   47.97
 203376.624   428.386    18.58   43.11
 203753.035   435.408    18.65   48.65
 204129.377   443.633    21.85   51.09
 204505.648   437.866   -15.33   47.18
 204881.850   440.152     6.08   46.20
 205257.981   453.654    35.89   49.39
 205634.042   465.951    32.69   45.45
 206010.034   492.878    71.60   46.69
 206385.955   505.889    34.61   46.03
 206761.807   506.346     1.22   50.60
 207137.589   501.786   -12.13   55.15
 207513.301   482.571   -51.13   45.91
 207888.943   474.258   -22.13   46.00
 208264.516   472.516    -4.64   51.21
 208640.019   456.127   -43.64   52.04
 209015.453   444.338   -31.40   46.80
 209390.817   435.542   -23.43   31.43
 209766.111   439.634    10.90   27.37
 210141.336   439.278    -0.95   24.59
 210516.491   432.248   -18.74   27.28
 210891.577   423.622   -22.99   29.30
 211266.594   410.216   -35.74   26.03
 211641.541   406.651    -9.50   20.84
 212016.419   405.092    -4.16   12.30
 212391.228   405.580     1.30    8.86
 212765.967   409.200     9.66   14.65
 213140.637   413.497    11.47   20.96
 213515.239   419.316    15.53   27.12
 213889.771   422.116     7.47   23.86
 214264.234   419.640    -6.61   20.10
 214638.627   412.842   -18.15   16.90
 215012.952   406.814   -16.10   17.85
 215387.208   403.079    -9.98   19.86
 215761.395   404.408     3.55   24.50
 216135.514   410.725    16.88   32.50
 216509.563   417.742    18.76   37.96
 216883.543   423.754    16.07   36.01
 217257.455   427.441     9.86   28.70
 217631.298   421.175   -16.76   31.16
 218005.072   411.561   -25.72   28.84
 218378.778   405.586   -15.99   25.76
 218752.415   402.513    -8.22   20.76
 219125.983   411.963    25.29   23.51
 219499.483   425.067    35.08   25.67
 219872.915   434.006    23.93   30.01
 220246.278   452.806    50.34   36.81
 220619.572   466.730    37.29   34.87
 220992.798   473.561    18.30   30.05
 221365.956   474.250     1.84   28.87
 221739.045   476.916     7.14   35.66
 222112.067   475.043    -5.02   35.84
 222485.020   468.947   -16.34   38.72
 222857.904   454.421   -38.95   44.23
 223230.721   432.260   -59.43   39.37
 223603.469   414.622   -47.31   26.81
 223976.150   405.923   -23.34   15.99
 224348.762   408.469     6.83   23.25
 224721.306   416.224    20.81   27.55
 225093.782   423.067    18.37   25.16
 225466.191   431.694    23.16   25.79
 225838.531   439.884    21.99   36.64
 226210.804   445.770    15.81   45.59
 226583.008   449.616    10.33   51.29
 226955.145   454.152    12.19   52.58
 227327.214   444.055   -27.13   44.65
 227699.216   415.786   -75.98   39.53
 228071.150   389.457   -70.78   32.97
 228443.016   373.518   -42.85   24.65
 228814.814   376.345     7.60   33.36
 229186.545   386.043    26.09   41.42
 229558.208   390.469    11.91   37.81
 229929.804   382.152   -22.38   37.19
 230301.333   366.449   -42.26   33.74
 230672.794   342.007   -65.79   26.79
 231044.187   326.826   -40.87   23.35
 231415.514   316.091   -28.91   22.21
 231786.773   306.901   -24.75   16.37
 232157.964   299.384   -20.25    7.20
 232529.089   297.465    -5.17    3.49
 232900.146   297.177    -0.78    2.43
 233271.136   297.738     1.51    2.32
 233642.059   298.591     2.30    2.44
 234012.915   300.080     4.01    2.86
 234383.703   301.770     4.56    2.84
 234754.425   303.896     5.73    2.85
 235125.080   305.646     4.72    3.17
 235495.668   306.798     3.11    3.96
 235866.188   307.609     2.19    3.96
 236236.642   307.384    -0.61    3.99
 236607.029   307.066    -0.86    3.31
 236977.350   307.575     1.38    3.08
 237347.603   307.154    -1.14    2.87
 237717.790   307.750     1.61    2.14
 238087.910   308.331     1.57    2.15
 238457.964   308.516     0.50    2.19
 238827.951   309.546     2.78    2.81
 239197.871   312.235     7.27    4.08
 239567.725   315.103     7.75    4.95
 239937.512   318.774     9.93    4.47
 240307.233   321.584     7.60    3.42
 240676.887   323.508     5.21    3.31
 241046.475   325.913     6.50    6.43
 241415.996   330.469    12.33    9.23
 241785.451   333.253     7.54    9.01
 242154.840   335.677     6.56    7.54
 242524.163   336.819     3.09    6.57
 242893.419   339.398     6.98    7.16
 243262.609   341.881     6.72    7.66
 243631.733   344.799     7.90    7.75
 244000.791   347.994     8.66    8.33
 244369.783   352.272    11.59    8.93
 244738.708   357.103    13.09    8.64
 245107.568   360.055     8.00   10.03
 245476.362   362.494     6.61   12.93
 245845.089   367.682    14.07   17.60
 246213.751   374.586    18.72   20.50
 246582.347   386.247    31.63   22.59
 246950.877   402.889    45.15   25.92
 247319.342   429.875    73.22   42.89
 247687.740   459.851    81.35   62.96
 248056.073   479.535    53.43   63.29
 248424.340   489.875    28.07   57.06
 248792.542   494.500    12.56   58.35
 249160.678   481.687   -34.80   58.13
 249528.748   467.321   -39.02   54.24
 249896.752   463.152   -11.33   49.10
 250264.692   464.962     4.92   43.78
 250632.565   476.544    31.48   49.10
 251000.373   501.193    67.00   63.42
 251368.116   517.006    42.99   60.10
 251735.794   528.875    32.28   53.66
 252103.406   522.342   -17.77   57.94
 252470.952   498.396   -65.14   50.29
 252838.434   469.335   -79.07   42.03
 253205.850   462.992   -17.26   34.92
 253573.201   465.530     6.91   29.66
 253940.487   465.250    -0.76   25.92
 254307.708   471.018    15.70   26.84
 254674.863   467.823    -8.70   29.62
 255041.954   465.360    -6.71   35.03
 255408.979   460.579   -13.02   41.17
 255775.940   453.567   -19.10   42.30
 256142.835   449.839   -10.16   38.09
 256509.666   438.641   -30.52   25.08
 256876.432   431.933   -18.29   17.07
 257243.132   430.895    -2.83   11.52
 257614.763   429.104    -4.82    8.07
 257994.873   427.103    -5.26   14.08
 258374.911   436.079    23.62   35.84
 258754.880   455.224    50.37   57.86
 259134.778   467.628    32.64   70.29
 259514.606   476.335    22.92   79.17
 259894.364   461.591   -38.82   78.94
 260274.052   431.518   -79.19   64.07
 260653.669   403.030   -75.03   38.33
 261033.217   389.223   -36.37   25.54
 261412.694   381.844   -19.44   18.31
 261792.101   376.029   -15.32    9.26
 262171.439   373.116    -7.68    8.32
 262550.706   371.818    -3.42    7.29
 262929.904   371.141    -1.78    6.77
 263309.031   372.652     3.98    7.72
 263688.089   378.791    16.19   13.38
 264067.077   386.913    21.43   19.67
 264445.996   404.268    45.79   28.97
 264824.844   424.296    52.86   33.24
 265203.623   446.622    58.93   28.79
 265582.333   464.152    46.28   31.24
 265960.973   476.682    33.09   48.38
 266339.543   488.299    30.68   62.58
 266718.044   496.684    22.15   61.60
 267096.475   507.738    29.20   54.94
 267474.837   546.516   102.47   87.99
 267853.129   590.511   116.27   97.59
 268231.352   647.437   150.48   92.34
 268609.506   691.616   116.80   88.74
 268987.590   709.818    48.13   83.60
 269365.606   728.590    49.65   70.29
 269743.552   712.921   -41.45   75.84
 270121.429   670.103  -113.29   64.57
 270499.236   629.878  -106.45   59.34
 270876.975   600.242   -78.44   69.72
 271254.644   557.658  -112.73   73.76
 271632.245   518.066  -104.83   44.83
 272009.777   518.042    -0.06   44.33
 272387.239   545.847    73.65   73.06
 272764.633   573.286    72.69   69.14
 273141.958   589.872    43.95   56.79
 273519.214   590.481     1.62   63.07
 273896.401   565.347   -66.62   76.11
 274273.520   531.943   -88.56   66.33
 274650.570   521.018   -28.97   66.79
 275027.551   541.323    53.85   81.26
 275404.463   562.513    56.21   96.24
 275781.307   561.128    -3.67   89.16
 276158.082   560.949    -0.48   84.28
 276534.789   543.142   -47.26   68.13
 276911.427   546.616     9.22   52.67
 277287.997   558.795    32.34   54.11
 277664.499   566.911    21.55   56.31
 278040.932   580.526    36.16   53.93
 278417.297   590.542    26.61   68.21
 278793.593   577.674   -34.19   73.17
 279169.821   560.973   -44.38   68.11
 279545.981   548.778   -32.41   56.64
 279922.073   538.350   -27.72   39.85
 280298.096   551.634    35.32   47.27
 280674.052   571.973    54.09   61.15
 281049.939   594.553    60.06   57.57
 281425.759   616.609    58.68   52.70
 281801.510   625.214    22.90   41.14
 282177.193   637.018    31.41   41.38
 282552.809   643.994    18.57   36.40
 282928.356   641.872    -5.65   40.76
 283303.836   639.866    -5.34   52.43
 283679.248   626.091   -36.68   56.33
 284054.592   616.262   -26.18   53.51
 284429.868   605.461   -28.77   38.12
 284805.077   608.560     8.26   31.37
 285180.218   614.634    16.19   31.06
 285555.291   629.670    40.08   34.48
 285930.297   642.495    34.19   40.99
 286305.235   653.116    28.32   44.64
 286680.105   670.372    46.02   40.98
 287054.908   683.918    36.13   40.52
 287429.644   690.356    17.18   43.23
 287804.312   698.128    20.74   43.56
 288178.913   695.900    -5.94   46.82
 288553.447   695.152    -2.00   52.48
 288927.913   695.609     1.22   53.98
 289302.312   687.889   -20.61   52.69
 289676.643   680.207   -20.52   46.30
 290050.908   670.628   -25.59   37.59
 290425.105   676.282    15.11   38.97
 290799.235   691.610    40.96   45.28
 291173.299   707.142    41.51   41.43
 291547.295   718.018    29.07   36.25
 291921.224   736.471    49.34   45.02
 292295.086   754.103    47.15   45.19
 292668.881   747.385   -17.97   57.50
 293042.609   733.908   -36.05   58.17
 293416.270   718.458   -41.34   50.81
 293789.865   725.786    19.61   63.55
 294163.392   743.911    48.51   77.36
 294536.853   738.425   -14.68   85.38
 294910.247   721.003   -46.65   87.81
 295283.575   693.878   -72.64   78.15
 295656.836   676.378   -46.87   65.32
 296030.030   666.128   -27.46   59.66
 296403.157   660.005   -16.41   55.67
 296776.218   661.634     4.37   66.80
 297149.213   671.685    26.94   86.11
 297522.141   683.851    32.61  106.77
 297895.002   680.204    -9.78  105.63
 298267.798   668.311   -31.90   90.78
 298640.526   662.753   -14.91   85.62
 299013.189   665.646     7.76   86.82
 299385.785   666.989     3.60   84.69
 299758.315   656.875   -27.14   80.19
 300130.779   637.227   -52.74   69.91
 300503.176   614.291   -61.58   42.80
 300875.507   601.832   -33.45   18.56
 301247.772   602.320     1.31   14.58
 301619.971   604.978     7.14   13.90
 301992.105   611.721    18.11   13.35
 302364.171   619.478    20.84   10.94
 302736.172   622.212     7.35   14.13
 303108.108   630.192    21.45   26.56
 303479.977   655.872    69.04   66.72
 303851.780   683.616    74.60   97.44
 304223.517   703.955    54.70  111.44
 304595.189   704.255     0.81  115.42
 304966.795   684.947   -51.95  107.93
 305338.335   657.733   -73.23   89.79
 305709.809   648.128   -25.85   81.44
 306081.218   644.165   -10.67   82.95
 306452.561   636.284   -21.22   76.46
 306823.838   633.736    -6.86   72.97
 307195.050   645.412    31.45   77.20
 307566.197   660.566    40.82   92.23
 307937.278   682.819    59.96  104.44
 308308.293   705.508    61.14  109.21
 308679.243   725.429    53.69  103.11
 309050.128   742.566    46.19   96.11
 309420.947   766.166    63.63   79.39
 309791.701   802.609    98.27   72.88
 310162.389   852.008   133.23   66.87
 310533.013   903.698   139.43   76.70
 310903.571   948.140   119.90   71.75
 311274.064   958.808    28.79   63.83
 311644.492   934.213   -66.38   77.28
 312014.854   910.700   -63.47   84.89
 312385.152   893.774   -45.70   88.60
 312755.385   860.866   -88.86   85.00
 313125.552   836.750   -65.13   84.91
 313495.655   815.674   -56.93   82.93
 313865.693   789.508   -70.69   90.72
 314235.665   772.089   -47.07   97.44
 314605.573   757.250   -40.11  105.79
 314975.416   732.102   -67.98  102.24
 315345.194   705.017   -73.23   79.76
 315714.908   686.282   -50.66   58.74
 316084.557   679.721   -17.75   47.00
 316454.141   674.181   -14.98   43.43
 316823.660   684.055    26.71   57.12
 317193.115   699.388    41.49   79.35
 317562.505   720.262    56.49   98.59
 317931.830   737.091    45.55  111.42
 318301.091   739.416     6.29  106.19
 318670.288   735.731    -9.98   93.74
 319039.420   727.405   -22.55   70.72
 319408.487   727.571     0.45   53.30
 319777.491   738.943    30.81   43.71
 320146.430   762.432    63.65   55.26
 320515.304   797.005    93.70   62.88
 320884.114   820.641    64.07   70.23
 321252.860   823.652     8.16   87.90
 321621.542   805.316   -49.72  108.14
 321990.160   783.753   -58.48  103.97
 322358.713   791.079    19.87  100.20
 322727.202   792.933     5.03   88.94
 323095.627   791.770    -3.16   81.18
 323463.988   754.316  -101.65  122.26
 323832.286   694.066  -163.55  134.09
 324200.519   627.091  -181.83   76.45
 324568.688   639.694    34.22   83.46
 324936.793   686.381   126.80   86.03
 325304.834   733.659   128.42   78.65
 325672.812   778.830   122.72  105.13
 326040.725   814.437    96.75  129.60
 326408.575   857.711   117.61  133.69
 326776.361   904.957   128.43  133.71
 327144.084   920.721    42.86  114.00
 327511.742   923.177     6.68   98.14
 327879.337   949.142    70.61   87.64
 328246.869   955.918    18.43   81.39
 328614.336   947.808   -22.06   91.05
 328981.741   910.921  -100.37  121.73
 329349.081   853.958  -155.03  126.24
 329716.359   783.878  -190.76  117.89
 330083.572   734.791  -133.64  101.05
 330450.723   692.296  -115.71   94.03
 330817.810   654.483  -102.98   78.52
 331184.833   632.803   -59.05   60.88
 331551.793   618.678   -38.48   46.00
 331918.690   625.708    19.16   56.71
 332287.067   660.375    94.08   91.96
 332667.031   742.177   215.23  153.30
 333046.925   825.766   219.97  163.17
 333426.751   870.828   118.61  144.51
 333806.509   855.090   -41.43  147.99
 334186.199   822.616   -85.50  120.68
 334565.820   809.089   -35.62  100.83
 334945.373   892.421   219.49  155.02
 335324.857   999.039   280.88  141.59
 335704.273  1073.708   196.75  119.06
 336083.621  1152.027   206.40  101.99
 336462.901  1203.347   135.27   88.28
 336842.113  1225.866    59.37   76.32
 337221.257  1226.949     2.86   78.17
 337600.333  1220.301   -17.53   85.75
 337979.340  1243.878    62.19   83.89
 338358.280  1282.652   102.29   91.41
 338737.152  1317.853    92.88   96.90
 339115.955  1342.041    63.83   83.58
 339494.691  1326.129   -42.00  100.24
 339873.360  1275.745  -133.02  110.62
 340251.960  1199.505  -201.32  109.97
 340630.493  1132.375  -177.29  114.74
 341008.957  1058.557  -194.99  126.53
 341387.355  1007.316  -135.38  107.66
 341765.684   988.255   -50.37   84.92
 342143.946  1011.103    60.39  100.07
 342522.141  1053.511   112.10  102.71
 342900.267  1076.708    61.33  105.33
 343278.327  1087.391    28.25   97.69
 343656.319  1091.407    10.62   82.09
 344034.243  1095.774    11.55   72.55
 344412.100  1097.862     5.53   69.94
 344789.890  1095.819    -5.41   70.61
 345167.612  1096.739     2.43   82.78
 345545.267  1083.741   -34.41   82.96
 345922.855  1067.800   -42.21   80.09
 346300.376  1073.795    15.87   89.44
 346677.829  1121.589   126.59  123.67
 347055.215  1203.262   216.36  135.65
 347432.535  1293.487   239.05  122.01
 347809.787  1351.005   152.42  107.94
 348186.972  1362.761    31.16  134.62
 348564.090  1330.819   -84.68  163.66
 348941.141  1288.278  -112.79  153.01
 349318.125  1256.678   -83.80  128.72
 349695.043  1197.334  -157.40  122.29
 350071.893  1126.980  -186.64  136.02
 350448.677  1019.165  -286.06  145.64
 350825.394   908.566  -293.50  126.99
 351202.044   812.128  -255.97   78.89
 351578.627   779.141   -87.57   47.78
 351955.144   770.288   -23.51   33.20
 352331.594   774.269    10.57   38.38
 352707.977   761.055   -35.10   44.74
 353084.294   741.945   -50.77   37.49
 353460.545   774.659    86.92   87.97
 353836.729   843.262   182.31  136.02
 354212.846   932.363   236.83  138.95
 354588.897  1023.879   243.29  108.82
 354964.882  1080.103   149.50  105.95
 355340.800  1130.388   133.73  128.28
 355716.652  1156.966    70.69  145.43
 356092.437  1165.936    23.86  180.76
 356468.157  1157.548   -22.32  197.55
 356843.810  1122.597   -93.01  175.11
 357219.397  1111.165   -30.43  139.10
 357594.918  1119.462    22.09  108.41
 357970.372  1141.074    57.55  105.53
 358345.761  1184.371   115.30  118.43
