# NaN NaN NaN ;Mean Elev.(m), Avg Gradient(m/km), RMS Gradient(m/km) - SRTM1     
#   -7.038  -0.563   8.139 ;Mean Elev.(m), Avg Gradient(m/km), RMS Gradient(m/km) - ASTER GDEM
#    1.000  -0.222   8.462 ;Mean Elev.(m), Avg Gradient(m/km), RMS Gradient(m/km) - GMTED2010 
  7     1.328 52475.98239964 15.97 174.769287  64.663003 14.842
  7     1.527 52475.98240028 14.43 174.766377  64.659883 14.842
  7     1.536 52475.98240092 16.56 174.763477  64.656773 14.842
  7     1.301 52475.98240157 12.55 174.760567  64.653663 14.842
  7     1.280 52475.98240221 13.01 174.757657  64.650553 14.842
  7     1.920 52475.98240286 13.65 174.754747  64.647443 14.842
  7     2.158 52475.98240350 18.10 174.751847  64.644323 14.842
  7     2.400 52475.98240415 23.33 174.748937  64.641213 14.842
  8     1.113 52510.98235325 14.38 174.770046  64.661288 13.713
  8     1.053 52510.98235389 15.96 174.767136  64.658178 13.713
  8     0.711 52510.98235454 17.89 174.764226  64.655068 13.713
  8     0.840 52510.98235518 18.83 174.761326  64.651958 13.713
  8     0.575 52510.98235583 20.47 174.758416  64.648848 13.713
  8     1.048 52510.98235647 20.58 174.755516  64.645728 13.713
  8     1.523 52510.98235712 19.71 174.752606  64.642618 13.713
  8     1.808 52510.98235776 23.43 174.749706  64.639508 13.713
  9     2.297 52545.98237145 10.81 174.786895  64.662892 12.524
  9     1.500 52545.98237210 11.02 174.783985  64.659782 12.524
  9     1.149 52545.98237274 10.04 174.781075  64.656672 12.524
  9     0.903 52545.98237339 11.00 174.778165  64.653562 12.524
  9     0.619 52545.98237403 11.95 174.775265  64.650452 12.524
  9     0.847 52545.98237468 12.02 174.772355  64.647342 12.524
  9     1.080 52545.98237532 12.23 174.769445  64.644232 12.524
  9     1.192 52545.98237597 13.93 174.766535  64.641112 12.524
  9     1.253 52545.98237661 14.98 174.763635  64.638002 12.524
  9     1.627 52545.98237725 16.77 174.760725  64.634892 12.524
  9     1.246 52545.98237790 28.06 174.757821  64.631776 31.459
 10     0.826 52580.98239547 31.75 174.775892  64.662363  9.196
 10     0.612 52580.98239611 32.87 174.772982  64.659253  9.196
 10     0.898 52580.98239676 32.44 174.770072  64.656133  9.196
 10     1.085 52580.98239740 31.85 174.767172  64.653023  9.196
 10     0.981 52580.98239804 31.52 174.764262  64.649913  9.196
 10     1.188 52580.98239869 31.03 174.761352  64.646803  9.196
 10     0.997 52580.98239933 30.92 174.758442  64.643693  9.196
 10     0.997 52580.98239998 30.83 174.755542  64.640583  9.196
 10     0.723 52580.98240062 31.06 174.752632  64.637463  9.196
 11    26.003 52615.98236661  4.92 174.754139  64.657373  7.021
 11    25.305 52615.98236726  4.39 174.751229  64.654263  7.021
 11    35.142 52615.98236855  3.04 174.745419  64.648043  7.021
 12    46.868 52650.98234194  1.08 174.784885  64.662765  1.712
 12    46.381 52650.98234259  0.84 174.781975  64.659655  1.712
 12    46.000 52650.98234323  0.52 174.779065  64.656545  1.712
 12    44.791 52650.98234388  0.59 174.776155  64.653435  1.712
 13    43.472 52685.98233224  3.86 174.767661  64.660818  1.863
 13    43.645 52685.98233289  3.80 174.764751  64.657708  1.863
 13    41.521 52685.98233353  3.76 174.761851  64.654588  1.863
 13    41.205 52685.98233418  3.20 174.758941  64.651478  1.863
 13    39.624 52685.98233482  3.24 174.756031  64.648368  1.863
 13    42.390 52685.98233547  2.72 174.753131  64.645258  1.863
 13    42.121 52685.98233611  2.37 174.750221  64.642148  1.863
 14    44.787 52720.98238170  3.93 174.774560  64.662905  2.870
 14    42.458 52720.98238235  5.49 174.771650  64.659795  2.870
 14    43.715 52720.98238299  4.52 174.768750  64.656675  2.870
 14    41.261 52720.98238364  5.77 174.765840  64.653565  2.870
 14    40.739 52720.98238428  5.21 174.762930  64.650455  2.870
 14    40.179 52720.98238493  5.75 174.760020  64.647345  2.870
 14    38.164 52720.98238557  5.82 174.757120  64.644235  2.870
 14    30.816 52720.98238622  6.03 174.754210  64.641125  2.870
 14     3.557 52720.98238686  6.96 174.751310  64.638005  2.870
 15    40.927 52755.98240720  1.39 174.747251  64.656294  2.186
 15    40.664 52755.98240785  1.19 174.744341  64.653184  2.186
 15    40.524 52755.98240849  0.84 174.741441  64.650074  2.186
 15    40.106 52755.98240914  0.90 174.738531  64.646964  2.186
 16     1.971 52790.98235435 28.42 174.788520  64.661566 16.567
 16     2.324 52790.98235499 30.85 174.785610  64.658456 16.567
 16     2.495 52790.98235628 30.38 174.779790  64.652226 16.567
 16     2.262 52790.98235692 28.41 174.776880  64.649116 16.567
 16     1.832 52790.98235757 24.40 174.773970  64.646006 16.567
 16     2.321 52790.98235821 24.10 174.771060  64.642896 16.567
 16     2.264 52790.98235886 25.01 174.768150  64.639786 16.567
 16     2.231 52790.98235950 26.38 174.765240  64.636676 16.567
 17     3.541 52825.98242335 16.11 174.787934  64.663392 13.770
 17     3.321 52825.98242400 12.89 174.785024  64.660282 13.770
 17     1.480 52825.98242464 13.71 174.782104  64.657172 13.770
 17     1.510 52825.98242528 13.21 174.779204  64.654052 13.770
 17     1.386 52825.98242593 13.87 174.776294  64.650942 13.770
 17     0.528 52825.98242657 16.51 174.773384  64.647832 13.770
 17     1.209 52825.98242722 15.86 174.770474  64.644722 13.770
 17     1.560 52825.98242786 17.63 174.767564  64.641612 13.770
 17     1.650 52825.98242851 19.24 174.764664  64.638502 13.770
 17     1.679 52825.98242915 22.89 174.761754  64.635382 13.770
 17     1.712 52825.98242980 27.44 174.758854  64.632272 13.770
 18    18.719 52860.98246912  8.82 174.787872  64.662895 13.807
 18     1.598 52860.98246976  9.79 174.784962  64.659785 13.807
 18     0.933 52860.98247041 10.03 174.782052  64.656675 13.807
 18     0.626 52860.98247105 11.06 174.779142  64.653565 13.807
 18     0.550 52860.98247170 11.57 174.776232  64.650445 13.807
 18     0.636 52860.98247234 13.21 174.773322  64.647335 13.807
 18     0.819 52860.98247299 12.09 174.770412  64.644225 13.807
 18     0.895 52860.98247363 13.78 174.767512  64.641115 13.807
 18     1.323 52860.98247428 14.91 174.764602  64.638005 13.807
 18     1.585 52860.98247492 16.00 174.761692  64.634885 13.807
 18     1.506 52860.98247557 23.07 174.758792  64.631775 13.807
 19     0.518 52895.98250029 42.39 174.767550  64.661759 17.049
 19     1.257 52895.98250093 41.68 174.764640  64.658649 17.049
 19     1.274 52895.98250157 40.88 174.761740  64.655529 17.049
 19     0.925 52895.98250222 40.65 174.758830  64.652419 17.049
 19     1.027 52895.98250286 39.54 174.755920  64.649309 17.049
 19     0.580 52895.98250351 37.51 174.753020  64.646199 17.049
 19     0.423 52895.98250415 34.28 174.750110  64.643089 17.049
 20     0.545 52930.98244995 40.89 174.750466  64.656307 14.111
 20     1.086 52930.98245059 42.22 174.747556  64.653197 14.111
 20     0.832 52930.98245124 40.41 174.744656  64.650087 14.111
 21     0.121 52965.98244371 20.20 174.787503  64.661732  6.186
 21     0.280 52965.98244436 19.43 174.784593  64.658622  6.186
 21     0.204 52965.98244500 20.75 174.781683  64.655512  6.186
 21     0.339 52965.98244565 19.53 174.778773  64.652402  6.186
 21     0.622 52965.98244629 19.26 174.775863  64.649292  6.186
 21     0.570 52965.98244694 19.65 174.772963  64.646172  6.186
 21     0.535 52965.98244758 19.22 174.770053  64.643062  6.186
 21     0.791 52965.98244823 18.85 174.767143  64.639952  6.186
 21     0.977 52965.98244887 18.95 174.764243  64.636842  6.186
 21     0.658 52965.98244952 19.11 174.761333  64.633732  6.186
 21     0.593 52965.98245016 19.31 174.758423  64.630622  6.186
 22    38.562 53000.98247543  2.68 174.764569  64.662266  4.660
 22    37.383 53000.98247607  4.00 174.761659  64.659156  4.660
 22    38.320 53000.98247672  2.92 174.758749  64.656046  4.660
 22    39.691 53000.98247736  1.97 174.755839  64.652936  4.660
 22    37.665 53000.98247801  1.74 174.752939  64.649816  4.660
 22    36.883 53000.98247865  1.41 174.750029  64.646706  4.660
 22    36.147 53000.98247930  1.32 174.747119  64.643596  4.660
 23    41.126 53035.98242564  2.66 174.754005  64.657756  2.473
 23    38.874 53035.98242629  2.31 174.751095  64.654646  2.473
 23    37.207 53035.98242693  2.43 174.748185  64.651536  2.473
 23    35.249 53035.98242757  2.56 174.745285  64.648426  2.473
 24    45.243 53070.98244565  1.10 174.773030  64.661305  1.911
 24    43.703 53070.98244630  1.14 174.770120  64.658195  1.911
 24    42.756 53070.98244694  1.29 174.767210  64.655085  1.911
 24    42.919 53070.98244759  1.14 174.764300  64.651975  1.911
 24    41.863 53070.98244823  0.64 174.761390  64.648865  1.911
 25    40.457 53105.98242738  1.88 174.747900  64.656048  2.412
 25    39.603 53105.98242803  1.82 174.744990  64.652938  2.412
 25    39.735 53105.98242867  1.69 174.742090  64.649828  2.412
 25    37.985 53105.98242931  1.34 174.739190  64.646708  2.412
 26     1.156 53140.98245206 16.11 174.781906  64.662855 15.438
 26     1.263 53140.98245270 18.98 174.778986  64.659735 15.438
 26     1.545 53140.98245335 22.94 174.776086  64.656625 15.438
 26     1.416 53140.98245399 27.21 174.773176  64.653515 15.438
 26     1.466 53140.98245463 28.73 174.770266  64.650405 15.438
 26     1.255 53140.98245528 30.57 174.767356  64.647295 15.438
 26     0.962 53140.98245592 29.77 174.764446  64.644175 15.438
 27     3.906 53175.98248269 15.16 174.777016  64.663568 16.021
 27     3.495 53175.98248333 14.62 174.774106  64.660458 16.021
 27     2.171 53175.98248398 15.40 174.771196  64.657348 16.021
 27     1.936 53175.98248462 16.25 174.768296  64.654228 16.021
 27     1.513 53175.98248527 18.76 174.765386  64.651118 16.021
 27     2.209 53175.98248591 18.89 174.762476  64.648008 16.021
 27     2.324 53175.98248656 21.68 174.759566  64.644898 16.021
 27     2.431 53175.98248720 21.31 174.756666  64.641788 16.021
 27     2.636 53175.98248785 30.70 174.753756  64.638668 16.021
 28     1.202 53210.98250180 16.24 174.770399  64.663087 15.286
 28     1.460 53210.98250244 15.80 174.767489  64.659967 15.286
 28     1.730 53210.98250309 16.36 174.764589  64.656857 15.286
 28     1.592 53210.98250373 16.75 174.761679  64.653747 15.286
 28     1.360 53210.98250438 16.77 174.758769  64.650637 15.286
 28     1.563 53210.98250502 17.78 174.755859  64.647527 15.286
 28     2.278 53210.98250567 18.57 174.752959  64.644417 15.286
 28     2.560 53210.98250631 24.11 174.750049  64.641297 15.286
 29     1.004 53245.98247040 16.13 174.767107  64.661085 14.144
 29     0.875 53245.98247104 17.58 174.764207  64.657965 14.144
 29     0.884 53245.98247169 17.03 174.761297  64.654855 14.144
 29     0.743 53245.98247233 17.53 174.758387  64.651745 14.144
 29     1.173 53245.98247298 17.40 174.755487  64.648635 14.144
 29     1.760 53245.98247362 18.70 174.752577  64.645525 14.144
 29     1.785 53245.98247427 26.39 174.749667  64.642405 14.144
 30    23.078 53280.98245406 16.16 174.785465  64.663953 14.460
 30    24.958 53280.98245471 11.43 174.782545  64.660833 14.460
 30    21.118 53280.98245535 11.84 174.779635  64.657723 14.460
 30    20.263 53280.98245600 12.43 174.776725  64.654613 14.460
 30     0.801 53280.98245664 13.97 174.773815  64.651503 14.460
 30     0.735 53280.98245728 14.44 174.770915  64.648393 14.460
 30     0.456 53280.98245793 16.96 174.768005  64.645283 14.460
 30     2.375 53280.98245857 14.91 174.765095  64.642173 14.460
 30     1.160 53280.98245922 16.36 174.762185  64.639053 14.460
 30     1.418 53280.98245986 18.03 174.759285  64.635943 14.460
 30     1.527 53280.98246051 25.45 174.756375  64.632833 14.460
 31     0.590 53315.98246744 21.70 174.777711  64.662183  7.963
 31     0.551 53315.98246808 21.23 174.774801  64.659073  7.963
 31     0.755 53315.98246873 21.47 174.771891  64.655963  7.963
 31     0.638 53315.98246937 21.03 174.768991  64.652843  7.963
 31     0.917 53315.98247002 21.87 174.766081  64.649733  7.963
 31     0.793 53315.98247066 21.83 174.763171  64.646623  7.963
 31     1.234 53315.98247131 21.81 174.760261  64.643513  7.963
 31     1.046 53315.98247195 21.70 174.757361  64.640403  7.963
 31     1.002 53315.98247259 23.10 174.754451  64.637283  7.963
 32     0.657 53350.98243383 13.88 174.769265  64.659665  4.738
 32     0.444 53350.98243447 14.91 174.766355  64.656555  4.738
 32     0.503 53350.98243512 14.19 174.763455  64.653435  4.738
 32     0.670 53350.98243576 14.31 174.760545  64.650325  4.738
 32     0.744 53350.98243641 13.66 174.757635  64.647215  4.738
 32     1.197 53350.98243705 12.66 174.754735  64.644105  4.738
 32     1.132 53350.98243770 13.12 174.751825  64.640995  4.738
 33    45.816 53385.98241666  2.32 174.785281  64.662436  1.878
 33    45.669 53385.98241730  1.68 174.782371  64.659316  1.878
 33    45.542 53385.98241795  0.98 174.779451  64.656206  1.878
 33    45.863 53385.98241859  0.61 174.776551  64.653096  1.878
 33    46.542 53385.98241924  0.15 174.773641  64.649986  1.878
 34    45.745 53420.98242056  0.56 174.780308  64.662344  1.740
 34    45.387 53420.98242121  0.32 174.777398  64.659234  1.740
 37     3.099 53525.98249436 43.11 174.777327  64.661692 22.184
 37     3.143 53525.98249500 39.98 174.774417  64.658582 22.184
 37     3.334 53525.98249565 39.15 174.771507  64.655472 22.184
 37     3.454 53525.98249629 38.25 174.768607  64.652352 22.184
 37     3.500 53525.98249694 39.81 174.765697  64.649242 22.184
 37     3.493 53525.98249758 42.24 174.762787  64.646132 22.184
 37     3.539 53525.98249822 43.90 174.759887  64.643022 22.184
 38     1.675 53560.98252336 18.75 174.760362  64.660233 17.191
 38     1.567 53560.98252400 18.15 174.757462  64.657123 17.191
 38     1.352 53560.98252465 14.92 174.754552  64.654013 17.191
 38     1.012 53560.98252529 15.63 174.751642  64.650903 17.191
 38     2.071 53560.98252594 15.64 174.748742  64.647793 17.191
 38     2.362 53560.98252658 23.88 174.745832  64.644683 17.191
 39     2.006 53595.98246170 15.93 174.768117  64.660958 11.027
 39     1.859 53595.98246235 17.33 174.765217  64.657838 11.027
 39     1.494 53595.98246299 18.65 174.762307  64.654728 11.027
 39     1.465 53595.98246364 19.25 174.759397  64.651618 11.027
 39     1.596 53595.98246428 20.03 174.756497  64.648508 11.027
 39     1.882 53595.98246492 20.64 174.753587  64.645398 11.027
 39     2.403 53595.98246557 21.99 174.750687  64.642278 11.027
 40     4.066 53630.98245480 20.46 174.785546  64.663295 11.970
 40    22.254 53630.98245544 15.73 174.782626  64.660175 11.970
 40    19.538 53630.98245609 15.20 174.779726  64.657065 11.970
 40     0.311 53630.98245673 19.30 174.776806  64.653955 11.970
 40    -0.288 53630.98245738 19.53 174.773906  64.650845 11.970
 40    -0.185 53630.98245802 17.77 174.770986  64.647735 11.970
 40     1.131 53630.98245867 15.91 174.768086  64.644625 11.970
 40     1.393 53630.98245931 16.81 174.765176  64.641515 11.970
 40     1.611 53630.98245996 20.78 174.762266  64.638395 11.970
 40     1.316 53630.98246060 26.21 174.759356  64.635285 11.970
 40     1.480 53630.98246124 31.48 174.756456  64.632175 11.970
 41     0.347 53665.98247854 38.55 174.771050  64.662400 13.345
 41     0.946 53665.98247918 37.42 174.768140  64.659290 13.345
 41     0.721 53665.98247983 38.66 174.765240  64.656170 13.345
 41     1.019 53665.98248047 39.97 174.762330  64.653060 13.345
 41     0.688 53665.98248112 39.59 174.759420  64.649950 13.345
 41     0.817 53665.98248176 39.20 174.756510  64.646840 13.345
 41     0.434 53665.98248241 38.19 174.753610  64.643730 13.345
 41     0.533 53665.98248305 35.89 174.750700  64.640610 13.345
 42     0.607 53700.98243065 16.71 174.769058  64.660112  5.184
 42     0.686 53700.98243130 17.08 174.766148  64.657002  5.184
 42     0.915 53700.98243194 17.03 174.763248  64.653882  5.184
 42     1.144 53700.98243259 16.48 174.760338  64.650772  5.184
 42     0.987 53700.98243323 16.36 174.757428  64.647662  5.184
 42     1.221 53700.98243388 17.43 174.754528  64.644552  5.184
 42     1.141 53700.98243452 17.24 174.751618  64.641442  5.184
 44    45.365 53770.98234320  1.18 174.784571  64.662967  2.230
 44    43.858 53770.98234384  1.25 174.781661  64.659857  2.230
 44    43.848 53770.98234449  1.18 174.778751  64.656747  2.230
 44    43.935 53770.98234513  0.70 174.775841  64.653637  2.230
 44    43.811 53770.98234578  0.06 174.772931  64.650527  2.230
 47     1.432 53875.98240220 26.44 174.782153  64.664479 15.417
 47     1.008 53875.98240285 23.76 174.779243  64.661369 15.417
 47     1.324 53875.98240349 22.93 174.776333  64.658259 15.417
 47     1.508 53875.98240414 25.47 174.773433  64.655139 15.417
 47     1.441 53875.98240478 28.11 174.770523  64.652029 15.417
 47     1.137 53875.98240543 30.43 174.767613  64.648919 15.417
 47     1.096 53875.98240607 28.67 174.764703  64.645809 15.417
 47     0.832 53875.98240672 29.14 174.761803  64.642699 15.417
 48     2.240 53910.98245132 38.38 174.770894  64.661574 15.550
 48     2.056 53910.98245197 35.97 174.767984  64.658464 15.550
 48     1.944 53910.98245261 36.63 174.765074  64.655354 15.550
 48     1.923 53910.98245326 36.35 174.762164  64.652244 15.550
 48     1.588 53910.98245390 37.38 174.759264  64.649124 15.550
 48     1.693 53910.98245454 37.06 174.756354  64.646014 15.550
 48     1.844 53910.98245519 36.29 174.753444  64.642904 15.550
 49     1.448 53945.98247078 20.24 174.758724  64.659145 14.793
 49     1.369 53945.98247143 14.54 174.755814  64.656035 14.793
 49     0.980 53945.98247207 14.62 174.752904  64.652925 14.793
 49     1.366 53945.98247272 14.18 174.749994  64.649815 14.793
 49     2.085 53945.98247336 13.34 174.747094  64.646695 14.793
 50     1.595 53980.98241618 17.97 174.760705  64.660822 13.062
 50     1.479 53980.98241682 18.70 174.757795  64.657712 13.062
 50     1.460 53980.98241747 14.82 174.754885  64.654602 13.062
 50     1.023 53980.98241811 15.64 174.751985  64.651492 13.062
 50     1.506 53980.98241876 16.19 174.749075  64.648382 13.062
 50     2.186 53980.98241940 17.94 174.746175  64.645262 13.062
 51     0.722 54015.98243619 22.19 174.788620  64.661647 14.336
 51     0.688 54015.98243684 19.93 174.785710  64.658537 14.336
 51    -0.064 54015.98243813 19.20 174.779890  64.652317 14.336
 51    -0.281 54015.98243877 21.88 174.776980  64.649207 14.336
 51     0.161 54015.98243942 21.78 174.774080  64.646097 14.336
 51     0.575 54015.98244006 24.17 174.771170  64.642977 14.336
 52    27.341 54050.98243781  5.23 174.777147  64.656241  9.543
 52    26.163 54050.98243845  5.31 174.774237  64.653131  9.543
 52    21.258 54050.98243910  5.50 174.771327  64.650021  9.543
 52    21.965 54050.98244039  4.59 174.765517  64.643791  9.543
 52    21.346 54050.98244103  6.49 174.762607  64.640681  9.543
 53    39.297 54085.98242919  2.78 174.768770  64.661849  2.195
 53    39.274 54085.98242983  2.63 174.765860  64.658739  2.195
 53    40.797 54085.98243048  2.07 174.762960  64.655629  2.195
 53    39.833 54085.98243112  1.83 174.760050  64.652519  2.195
 53    38.904 54085.98243177  1.90 174.757140  64.649409  2.195
 53    38.751 54085.98243241  1.03 174.754240  64.646289  2.195
 53    41.877 54085.98243306  0.39 174.751330  64.643179  2.195
 53    41.113 54085.98243370  0.35 174.748430  64.640069  2.195
 54    39.804 54120.98235641  2.77 174.748874  64.657468  3.831
 54    40.159 54120.98235705  2.52 174.745964  64.654358  3.831
 54    35.653 54120.98235770  2.28 174.743064  64.651248  3.831
 54    35.068 54120.98235834  2.01 174.740154  64.648138  3.831
 55    43.814 54155.98238762  1.31 174.773927  64.663206  1.558
 55    45.436 54155.98238827  0.95 174.771017  64.660096  1.558
 55    44.742 54155.98238891  0.73 174.768107  64.656986  1.558
 55    44.960 54155.98238956  0.49 174.765197  64.653876  1.558
 55    44.632 54155.98239020  0.50 174.762287  64.650766  1.558
 56    40.463 54190.98235393  1.14 174.754833  64.657431  2.014
 56    40.925 54190.98235457  1.14 174.751923  64.654321  2.014
 56    40.909 54190.98235522  0.45 174.749013  64.651211  2.014
 56    41.325 54190.98235586  0.29 174.746113  64.648101  2.014
 57    43.847 54225.98239866  2.44 174.776964  64.663179  2.046
 57    44.728 54225.98239930  1.90 174.774054  64.660069  2.046
 57    44.910 54225.98239995  1.70 174.771144  64.656949  2.046
 57    42.612 54225.98240059  2.50 174.768244  64.653839  2.046
 57    45.278 54225.98240124  1.83 174.765334  64.650729  2.046
 57    57.977 54225.98240188  1.11 174.762424  64.647619  2.046
 57    59.006 54225.98240253  0.41 174.759514  64.644509  2.046
 57    44.272 54225.98240317  0.03 174.756614  64.641389  2.046
 58     2.786 54260.98241904 47.78 174.774291  64.661062 20.174
 58     3.099 54260.98241969 46.32 174.771381  64.657952 20.174
 58     3.152 54260.98242033 44.52 174.768481  64.654832 20.174
 58     3.215 54260.98242098 45.42 174.765571  64.651722 20.174
 58     2.903 54260.98242162 45.81 174.762661  64.648612 20.174
 58     3.272 54260.98242227 44.27 174.759751  64.645502 20.174
 58     3.150 54260.98242291 43.95 174.756851  64.642392 20.174
 58     3.102 54260.98242356 46.86 174.753941  64.639272 20.174
 59     0.916 54295.98242287 18.07 174.775204  64.663827 15.640
 59     1.302 54295.98242351 17.41 174.772294  64.660717 15.640
 59     1.011 54295.98242416 19.07 174.769394  64.657597 15.640
 59     0.966 54295.98242480 19.34 174.766484  64.654487 15.640
 59     0.249 54295.98242545 19.86 174.763574  64.651377 15.640
 59     0.326 54295.98242609 19.73 174.760664  64.648267 15.640
 59     0.857 54295.98242674 18.99 174.757764  64.645157 15.640
 59     1.537 54295.98242738 23.75 174.754854  64.642047 15.640
 60     1.581 54330.98241512 12.35 174.769803  64.662715 14.231
 60     1.617 54330.98241577 13.17 174.766893  64.659605 14.231
 60     1.469 54330.98241641 14.50 174.763993  64.656485 14.231
 60     1.493 54330.98241706 12.91 174.761083  64.653375 14.231
 60     1.299 54330.98241770 12.83 174.758173  64.650265 14.231
 60     1.689 54330.98241834 13.38 174.755273  64.647155 14.231
 60     2.198 54330.98241899 14.99 174.752363  64.644045 14.231
 60     2.450 54330.98241963 21.49 174.749463  64.640925 14.231
 61     1.617 54365.98235996 39.97 174.755332  64.657647 19.390
 61     1.701 54365.98236061 47.03 174.752432  64.654527 19.390
 61     1.590 54365.98236125 45.28 174.749522  64.651417 19.390
 61     1.797 54365.98236190 46.22 174.746622  64.648307 19.390
 62     0.800 54400.98235707 38.44 174.774448  64.662377 12.861
 62     0.732 54400.98235772 39.12 174.771538  64.659267 12.861
 62     0.759 54400.98235836 41.43 174.768628  64.656157 12.861
 62     0.744 54400.98235901 39.90 174.765718  64.653047 12.861
 62     0.856 54400.98235965 38.87 174.762808  64.649937 12.861
 62     0.567 54400.98236029 38.81 174.759908  64.646817 12.861
 62     0.535 54400.98236094 37.05 174.756998  64.643707 12.861
 62     0.848 54400.98236158 34.29 174.754098  64.640597 12.861
 63    41.847 54435.98231560  4.71 174.759561  64.658170  4.481
 63    42.025 54435.98231624  3.99 174.756651  64.655060  4.481
 63    41.915 54435.98231688  4.01 174.753741  64.651950  4.481
 63    38.809 54435.98231753  3.72 174.750841  64.648830  4.481
 63    41.159 54435.98231817  3.28 174.747931  64.645720  4.481
 64    44.601 54470.98234101  2.70 174.782943  64.662120  1.705
 64    45.649 54470.98234165  2.25 174.780033  64.659010  1.705
 64    44.252 54470.98234230  2.06 174.777123  64.655900  1.705
 64    43.851 54470.98234294  1.46 174.774213  64.652790  1.705
 64    44.287 54470.98234359  1.60 174.771303  64.649680  1.705
 64    43.705 54470.98234423  0.82 174.768403  64.646560  1.705
 64    44.865 54470.98234488  0.12 174.765493  64.643450  1.705
 65    41.711 54505.98232811  1.14 174.761200  64.660737  2.086
 65    41.824 54505.98232876  1.03 174.758300  64.657617  2.086
 65    41.286 54505.98232940  1.07 174.755390  64.654507  2.086
 65    41.771 54505.98233005  0.61 174.752480  64.651397  2.086
 65    41.076 54505.98233069  0.60 174.749580  64.648287  2.086
 65    41.025 54505.98233134  0.20 174.746670  64.645177  2.086
 67    42.088 54575.98232977  0.55 174.758782  64.659094  1.861
 67    42.135 54575.98233042  0.29 174.755872  64.655984  1.861
 68     1.297 54610.98234785 34.42 174.773247  64.661928 19.527
 68     1.616 54610.98234849 35.64 174.770337  64.658818 19.527
 68     1.124 54610.98234914 38.95 174.767427  64.655708 19.527
 68     1.001 54610.98234978 37.32 174.764517  64.652598 19.527
 68     1.028 54610.98235043 35.32 174.761607  64.649488 19.527
 68     1.438 54610.98235107 33.40 174.758707  64.646368 19.527
 68     1.376 54610.98235172 39.78 174.755797  64.643258 19.527
 69     1.395 54645.98235506 14.50 174.773740  64.663618 14.434
 69     1.529 54645.98235571 13.66 174.770830  64.660508 14.434
 69     1.364 54645.98235635 14.50 174.767920  64.657398 14.434
 69     1.113 54645.98235699 14.38 174.765010  64.654288 14.434
 69     1.165 54645.98235764 15.25 174.762100  64.651178 14.434
 69     2.081 54645.98235828 15.19 174.759200  64.648068 14.434
 69     2.027 54645.98235893 18.53 174.756290  64.644948 14.434
 69     2.466 54645.98235957 24.01 174.753380  64.641838 14.434
 69     2.540 54645.98236022 33.31 174.750480  64.638728 14.434
 70     1.236 54680.98235642 11.91 174.770596  64.662345 12.890
 70     1.294 54680.98235707 11.83 174.767686  64.659235 12.890
 70     1.096 54680.98235771 11.48 174.764776  64.656125 12.890
 70     0.944 54680.98235836 12.54 174.761866  64.653015 12.890
 70     0.944 54680.98235900 12.79 174.758956  64.649905 12.890
 70     1.703 54680.98235965 12.74 174.756056  64.646785 12.890
 70     2.211 54680.98236029 15.31 174.753146  64.643675 12.890
 70     2.260 54680.98236094 23.06 174.750246  64.640565 12.890
 71     1.615 54715.98230721 40.00 174.757307  64.658355 12.704
 71     1.225 54715.98230785 38.87 174.754397  64.655245 12.704
 71     1.014 54715.98230850 33.60 174.751497  64.652135 12.704
 71     0.711 54715.98230914 32.73 174.748587  64.649025 12.704
 71     0.792 54715.98230979 32.09 174.745687  64.645905 12.704
 72     0.856 54750.98232717 45.22 174.779339  64.663868 17.715
 72     0.805 54750.98232781 47.37 174.776429  64.660758 17.715
 72     1.076 54750.98232846 46.42 174.773529  64.657648 17.715
 72     1.089 54750.98232910 46.13 174.770619  64.654538 17.715
 72     1.209 54750.98232974 46.57 174.767709  64.651428 17.715
 72     0.926 54750.98233039 48.97 174.764799  64.648318 17.715
 72     0.351 54750.98233103 46.13 174.761889  64.645208 17.715
 72     0.728 54750.98233168 42.83 174.758989  64.642088 17.715
 73     0.255 54785.98229575 18.45 174.765462  64.662279  5.016
 73     0.507 54785.98229639 19.14 174.762552  64.659169  5.016
 73     0.599 54785.98229704 19.68 174.759642  64.656059  5.016
 73     0.569 54785.98229768 19.96 174.756732  64.652949  5.016
 73     0.482 54785.98229833 19.77 174.753832  64.649829  5.016
 73     0.499 54785.98229897 19.99 174.750922  64.646719  5.016
 73     0.548 54785.98229962 20.46 174.748022  64.643609  5.016
 74     0.379 54820.98232241 16.13 174.772041  64.654136  5.987
 74     0.343 54820.98232305 16.53 174.769131  64.651026  5.987
 74     0.405 54820.98232370 16.51 174.766221  64.647916  5.987
 74     0.391 54820.98232434 16.40 174.763311  64.644796  5.987
 74     0.531 54820.98232499 15.39 174.760411  64.641686  5.987
 74     0.576 54820.98232563 15.42 174.757501  64.638576  5.987
 74     0.462 54820.98232628 16.03 174.754601  64.635466  5.987
 75    37.330 54855.98229181  1.55 174.767317  64.662514  6.147
 75    38.573 54855.98229246  0.02 174.764407  64.659404  6.147
 75    23.497 54855.98229310  3.06 174.761497  64.656294  6.147
 76    39.507 54890.98232474  1.44 174.770346  64.663094  2.108
 76    40.015 54890.98232538  1.17 174.767436  64.659984  2.108
 76    42.291 54890.98232603  0.62 174.764526  64.656874  2.108
 76    40.816 54890.98232667  0.50 174.761616  64.653764  2.108
 76    39.627 54890.98232732  0.33 174.758716  64.650654  2.108
 77    37.457 54925.98229167  0.59 174.753659  64.658198  4.639
 77    20.285 54925.98229232  5.12 174.750759  64.655088  4.639
 78     0.695 54960.98232304 30.36 174.775372  64.661138 13.959
 78     1.109 54960.98232369 27.80 174.772462  64.658028 13.959
 78     1.443 54960.98232433 25.98 174.769552  64.654918 13.959
 78     1.345 54960.98232498 27.18 174.766642  64.651808 13.959
 78     1.253 54960.98232562 27.91 174.763732  64.648698 13.959
 78     1.117 54960.98232626 27.52 174.760822  64.645588 13.959
 78     0.905 54960.98232691 27.53 174.757922  64.642468 13.959
 79     2.320 54995.98234434 16.20 174.771215  64.663462 14.647
 79     2.444 54995.98234498 16.09 174.768305  64.660352 14.647
 79     2.336 54995.98234563 17.12 174.765395  64.657242 14.647
 79     2.046 54995.98234627 17.13 174.762485  64.654132 14.647
 79     2.086 54995.98234692 16.21 174.759575  64.651022 14.647
 79     2.256 54995.98234756 18.77 174.756665  64.647912 14.647
 79     2.799 54995.98234821 23.86 174.753765  64.644792 14.647
 79     2.714 54995.98234885 26.61 174.750855  64.641682 14.647
 80     1.748 55030.98233453 17.62 174.770285  64.661293 13.162
 80     1.722 55030.98233517 14.93 174.767375  64.658183 13.162
 80     1.626 55030.98233582 14.40 174.764465  64.655073 13.162
 80     1.174 55030.98233646 15.66 174.761555  64.651963 13.162
 80     1.422 55030.98233711 15.84 174.758645  64.648853 13.162
 80     1.554 55030.98233775 19.44 174.755745  64.645733 13.162
 80     1.655 55030.98233840 28.37 174.752835  64.642623 13.162
 80     1.735 55030.98233904 32.06 174.749935  64.639513 13.162
 81     0.880 55065.98232437 26.79 174.768636  64.661775 16.097
 81     0.820 55065.98232502 25.22 174.765726  64.658665 16.097
 81     0.790 55065.98232566 19.73 174.762816  64.655555 16.097
 81     0.618 55065.98232631 19.94 174.759906  64.652445 16.097
 81     0.676 55065.98232695 19.52 174.757006  64.649335 16.097
 81     0.980 55065.98232760 19.65 174.754096  64.646215 16.097
 81     2.346 55065.98232824 20.13 174.751196  64.643105 16.097
 81     2.187 55065.98232889 26.45 174.748286  64.639995 16.097
 82     1.604 55100.98226788 37.18 174.750529  64.656314 16.516
 82     1.674 55100.98226852 38.13 174.747629  64.653204 16.516
 82     0.874 55100.98226917 38.93 174.744719  64.650094 16.516
 83     1.462 55135.98227007 34.98 174.776129  64.661229 11.828
 83     1.337 55135.98227071 36.18 174.773229  64.658119 11.828
 83     1.247 55135.98227135 35.62 174.770319  64.655009 11.828
 83     1.134 55135.98227200 34.74 174.767409  64.651899 11.828
 83     1.196 55135.98227264 36.37 174.764499  64.648789 11.828
 83     1.574 55135.98227329 34.72 174.761599  64.645679 11.828
 83     1.090 55135.98227393 36.06 174.758689  64.642559 11.828
 83     0.992 55135.98227458 34.09 174.755779  64.639449 11.828
 84    32.236 55170.98223325  2.07 174.762548  64.660607  7.280
 84    22.463 55170.98223389  6.50 174.759638  64.657497  7.280
 88    41.430 55310.98222307  0.51 174.761501  64.661585  2.693
 88    41.286 55310.98222371  0.10 174.758591  64.658475  2.693
 89     3.344 55345.98222624 28.60 174.773645  64.663175 16.091
 89     3.095 55345.98222688 28.82 174.770735  64.660065 16.091
 89     3.345 55345.98222753 28.31 174.767825  64.656955 16.091
 89     2.465 55345.98222817 35.75 174.764915  64.653845 16.091
 89     3.373 55345.98222882 27.71 174.762005  64.650735 16.091
 89     3.489 55345.98222946 31.03 174.759105  64.647625 16.091
 89     2.793 55345.98223010 29.94 174.756195  64.644505 16.091
 89     3.532 55345.98223075 27.71 174.753295  64.641395 16.091
 90     1.148 55380.98221957 19.96 174.766832  64.661370 17.036
 90     1.690 55380.98222021 14.15 174.763922  64.658260 17.036
 90     1.486 55380.98222086 13.94 174.761012  64.655150 17.036
 90     1.453 55380.98222150 13.34 174.758102  64.652040 17.036
 90     1.878 55380.98222215 13.48 174.755202  64.648920 17.036
 90     2.252 55380.98222279 16.85 174.752292  64.645810 17.036
 90     2.192 55380.98222343 22.25 174.749392  64.642700 17.036
 91     1.709 55415.98224556 26.64 174.780121  64.662564 22.018
 91     1.403 55415.98224620 28.08 174.777211  64.659454 22.018
 91     1.126 55415.98224685 28.54 174.774311  64.656344 22.018
 91     1.029 55415.98224749 25.61 174.771401  64.653234 22.018
 91     0.645 55415.98224814 23.79 174.768491  64.650124 22.018
 91     0.791 55415.98224878 23.49 174.765581  64.647004 22.018
 91     1.370 55415.98224943 22.15 174.762671  64.643894 22.018
 91     2.056 55415.98225007 22.14 174.759771  64.640784 22.018
 91     6.469 55415.98225072 29.58 174.756861  64.637674 22.018
 92     1.562 55450.98223061 19.36 174.766412  64.661772 12.153
 92     1.378 55450.98223125 19.81 174.763502  64.658662 12.153
 92     1.566 55450.98223190 19.47 174.760592  64.655552 12.153
 92     1.189 55450.98223254 18.77 174.757682  64.652442 12.153
 92     1.186 55450.98223318 18.70 174.754782  64.649332 12.153
 92     1.931 55450.98223383 18.79 174.751872  64.646212 12.153
 92     2.311 55450.98223447 19.79 174.748972  64.643102 12.153
 93     0.905 55485.98215620 40.87 174.752630  64.656306 13.076
 93     1.119 55485.98215684 38.26 174.749730  64.653196 13.076
 93     0.988 55485.98215749 37.90 174.746820  64.650086 13.076
 93     1.030 55485.98215813 40.52 174.743920  64.646966 13.076
