# NaN NaN NaN ;Mean Elev.(m), Avg Gradient(m/km), RMS Gradient(m/km) - SRTM1     
#    8.167 -34.569  64.567 ;Mean Elev.(m), Avg Gradient(m/km), RMS Gradient(m/km) - ASTER GDEM
#    1.000 -34.529  61.927 ;Mean Elev.(m), Avg Gradient(m/km), RMS Gradient(m/km) - GMTED2010 
  8     9.638 52483.37826702 23.88 175.398770  64.719292 17.406
  8     8.788 52483.37826766 19.84 175.395850  64.722402 17.406
  8     8.724 52483.37826831 18.88 175.392930  64.725512 17.406
  8     6.981 52483.37826895 18.26 175.390010  64.728622 17.406
  8     7.428 52483.37826960 19.19 175.387080  64.731732 17.406
  8     8.421 52483.37827024 20.35 175.384160  64.734842 17.406
  8     7.058 52483.37827089 21.47 175.381240  64.737952 17.406
  9     6.122 52518.37822620 20.93 175.404700  64.724395 11.187
  9     3.018 52518.37822684 22.63 175.401780  64.727505 11.187
  9     4.106 52518.37822749 20.85 175.398860  64.730615 11.187
  9     3.050 52518.37822813 19.23 175.395930  64.733725 11.187
  9     4.933 52518.37822878 20.22 175.393010  64.736835 11.187
 11     8.112 52588.37825715 21.13 175.400027  64.721892 20.541
 11     9.267 52588.37825779 20.30 175.397107  64.725012 20.541
 11     8.454 52588.37825844 21.73 175.394187  64.728122 20.541
 11     8.249 52588.37825908 21.65 175.391257  64.731232 20.541
 11     8.957 52588.37825973 22.23 175.388337  64.734342 20.541
 11     8.075 52588.37826037 22.00 175.385417  64.737452 20.541
 11     7.407 52588.37826102 21.20 175.382487  64.740562 20.541
 12     4.094 52623.37821056 15.10 175.403565  64.725215  6.589
 12     3.864 52623.37821120 14.81 175.400635  64.728325  6.589
 12     3.345 52623.37821184 16.58 175.397715  64.731435  6.589
 12     3.126 52623.37821249 17.16 175.394800  64.734547  5.468
 12     2.490 52623.37821313 16.47 175.391880  64.737657  5.468
 13     8.941 52658.37822711  6.57 175.398123  64.719028 12.615
 13     8.418 52658.37822775  7.53 175.395203  64.722138 12.615
 13     8.491 52658.37822839  7.09 175.392273  64.725248 12.615
 13     8.188 52658.37822904  7.30 175.389353  64.728368 12.615
 13    10.424 52658.37822968  5.68 175.386433  64.731468 12.615
 13     9.143 52658.37823033  6.66 175.383513  64.734588 12.615
 13     8.337 52658.37823097  6.55 175.380583  64.737688 12.615
 15    27.917 52728.37824797  7.60 175.396899  64.722413  5.785
 15    32.148 52728.37824862  7.32 175.393979  64.725533  5.785
 15    34.553 52728.37824926  7.00 175.391059  64.728643  5.785
 15    36.376 52728.37824991  7.01 175.388139  64.731753  5.785
 15    36.947 52728.37825055  7.48 175.385209  64.734863  5.785
 15    41.323 52728.37825119  7.04 175.382289  64.737973  5.785
 16     1.683 52763.37826070 31.41 175.398608  64.722739  6.435
 16     1.820 52763.37826135 20.78 175.395688  64.725849  6.435
 16    35.648 52763.37826199 13.43 175.392768  64.728959  6.435
 16    38.377 52763.37826264 13.08 175.389848  64.732069  6.435
 16    44.964 52763.37826328 12.16 175.386918  64.735179  6.435
 16    47.186 52763.37826393 12.14 175.383998  64.738289  6.435
 18     9.858 52833.37830318 12.01 175.392363  64.717463 18.365
 18     7.388 52833.37830382 12.58 175.389433  64.720583 18.365
 18     8.248 52833.37830447 12.46 175.386513  64.723693 18.365
 18     7.668 52833.37830511 11.44 175.383593  64.726803 18.365
 18     6.810 52833.37830576 12.60 175.380663  64.729913 18.365
 18     8.674 52833.37830640 13.38 175.377743  64.733023 18.365
 18    10.126 52833.37830705 13.49 175.374823  64.736133 18.365
 19     1.445 52868.37834625 21.61 175.398182  64.722056 11.139
 19     4.483 52868.37834690 15.07 175.395262  64.725166 11.139
 19     3.846 52868.37834754 15.29 175.392342  64.728276 11.139
 19     5.004 52868.37834819 14.35 175.389422  64.731396 11.139
 19     5.576 52868.37834883 15.10 175.386492  64.734496 11.139
 19     6.108 52868.37834948 19.30 175.383572  64.737616 11.139
 19     4.791 52868.37835012 32.52 175.380642  64.740726 11.139
 20     5.737 52903.37836331 12.62 175.384722  64.737097  4.100
 20     5.695 52903.37836395 19.99 175.381792  64.740207  4.100
 21     9.571 52938.37829733 25.30 175.408687  64.724380 14.697
 21     8.439 52938.37829798 25.90 175.405765  64.727487 14.035
 21     7.952 52938.37829862 26.29 175.402845  64.730597 14.035
 21     8.146 52938.37829927 26.49 175.399925  64.733707 14.035
 21     7.666 52938.37829991 26.73 175.396995  64.736817 14.035
 22     6.961 52973.37833199 11.47 175.390773  64.717843 13.989
 22     6.589 52973.37833264 11.29 175.387853  64.720953 13.989
 22     6.886 52973.37833328 11.10 175.384933  64.724063 13.989
 22     6.975 52973.37833392 10.94 175.382013  64.727173 13.989
 22     8.781 52973.37833457 10.90 175.379093  64.730293 13.989
 22     6.667 52973.37833521 11.26 175.376163  64.733403 13.989
 22     5.951 52973.37833586 11.81 175.373243  64.736513 13.989
 23    11.044 53008.37834031  6.98 175.394759  64.718234  8.702
 23    11.029 53008.37834096  7.18 175.391839  64.721344  8.702
 23    27.590 53008.37834160  6.64 175.388919  64.724454  8.702
 23    13.283 53008.37834225  6.98 175.385999  64.727564  8.702
 23    24.193 53008.37834289  6.42 175.383079  64.730674  8.702
 23    37.081 53008.37834354  7.02 175.380159  64.733784  8.702
 23    37.797 53008.37834418  7.47 175.377229  64.736894  8.702
 24    32.248 53043.37829790  2.59 175.384345  64.717556  5.582
 24    30.442 53043.37829854  3.87 175.381425  64.720666  5.582
 24    35.965 53043.37829919  3.55 175.378495  64.723776  5.582
 24    38.582 53043.37829983  3.32 175.375575  64.726886  5.582
 24    41.506 53043.37830048  3.51 175.372655  64.729996  5.582
 24    44.207 53043.37830112  3.96 175.369725  64.733106  5.582
 24    42.713 53043.37830177  4.03 175.366805  64.736226  5.582
 25    34.849 53078.37833092  0.49 175.397863  64.718215  4.269
 25    40.170 53078.37833157  0.52 175.394943  64.721325  4.269
 25    40.307 53078.37833221  0.89 175.392023  64.724435  4.269
 25    47.291 53078.37833286  0.27 175.389103  64.727545  4.269
 25    42.146 53078.37833350  0.46 175.386173  64.730655  4.269
 25    44.393 53078.37833415  0.99 175.383253  64.733765  4.269
 25    47.259 53078.37833479  1.13 175.380333  64.736875  4.269
 27     3.301 53148.37834628 12.59 175.393336  64.716659 10.988
 27     2.001 53148.37834693 13.70 175.390416  64.719769 10.988
 27     2.308 53148.37834757 14.40 175.387496  64.722879 10.988
 27     2.295 53148.37834822 13.68 175.384566  64.725989 10.988
 27     1.973 53148.37834886 13.54 175.381646  64.729099 10.988
 27     2.300 53148.37834951 13.07 175.378726  64.732209 10.988
 27     2.053 53148.37835015 19.00 175.375796  64.735329 10.988
 28    15.753 53183.37834558  4.79 175.398514  64.723131 15.663
 28    11.076 53183.37834623 13.85 175.395594  64.726241 15.663
 28     8.936 53183.37834687 14.71 175.392664  64.729351 15.663
 28     9.393 53183.37834752 14.48 175.389744  64.732461 15.663
 28     9.756 53183.37834816 15.44 175.386824  64.735571 15.663
 28     9.424 53183.37834881 20.84 175.383894  64.738691 15.663
 29     4.993 53218.37836928 26.65 175.398812  64.719444 14.423
 29     3.338 53218.37836992 23.72 175.395892  64.722554 14.423
 29     5.972 53218.37837057 21.52 175.392972  64.725664 14.423
 29     6.494 53218.37837121 27.82 175.390042  64.728774 14.423
 29     5.004 53218.37837185 30.89 175.387122  64.731884 14.423
 29     6.080 53218.37837250 31.58 175.384202  64.734994 14.423
 29     6.153 53218.37837314 37.10 175.381282  64.738104 14.423
 30    25.221 53253.37834774  9.40 175.401457  64.724581 16.304
 30    12.648 53253.37834839 12.74 175.398527  64.727691 16.304
 30    34.887 53253.37834903 10.80 175.395617  64.730801 16.304
 30    33.179 53253.37834968 11.44 175.392687  64.733911 16.304
 30    15.280 53253.37835032 13.41 175.389767  64.737021 16.304
 30    13.962 53253.37835096 18.89 175.386847  64.740131 16.304
 32     8.405 53323.37832543 22.90 175.399847  64.724285 22.745
 32     7.945 53323.37832608 23.50 175.396927  64.727395 22.745
 32     6.887 53323.37832672 23.02 175.393997  64.730505 22.745
 32     5.719 53323.37832737 22.41 175.391077  64.733615 22.745
 32     6.590 53323.37832801 22.71 175.388157  64.736725 22.745
 32     5.845 53323.37832866 22.22 175.385227  64.739835 22.745
 33     0.640 53358.37828914 13.97 175.408042  64.724198  6.611
 33     0.885 53358.37828978 14.23 175.405122  64.727308  6.611
 33    -0.385 53358.37829043 14.03 175.402192  64.730418  6.611
 33    -0.015 53358.37829107 14.46 175.399272  64.733528  6.611
 33    -0.107 53358.37829172 14.27 175.396352  64.736638  6.611
 34     0.564 53393.37830761  9.64 175.372993  64.732006  3.287
 34     0.574 53393.37830825  9.20 175.370073  64.735116  3.287
 35     9.214 53428.37829999  6.19 175.402815  64.725965 11.428
 35     9.570 53428.37830064  6.23 175.399885  64.729075 11.428
 35    10.255 53428.37830128  5.88 175.396965  64.732185 11.428
 35    12.479 53428.37830192  6.07 175.394045  64.735295 11.428
 35     3.383 53428.37830257  7.25 175.391125  64.738405 11.428
 36    30.992 53463.37831905  4.75 175.388865  64.718995 10.011
 36    31.406 53463.37831969  5.52 175.385945  64.722105 10.011
 36    30.047 53463.37832034  6.94 175.383015  64.725215 10.011
 36    34.481 53463.37832098  6.41 175.380095  64.728325 10.011
 36    37.954 53463.37832163  5.65 175.377175  64.731435 10.011
 36    39.576 53463.37832227  6.39 175.374250  64.734546  2.577
 37    33.484 53498.37838861  2.03 175.390106  64.717144  5.231
 37    31.958 53498.37838925  4.11 175.387186  64.720254  5.231
 37    34.598 53498.37838990  2.94 175.384266  64.723364  5.231
 37    40.661 53498.37839054  1.99 175.381346  64.726474  5.231
 37    41.634 53498.37839119  1.81 175.378426  64.729584  5.231
 37    43.811 53498.37839183  1.86 175.375496  64.732694  5.231
 37    46.563 53498.37839248  1.56 175.372581  64.735801  4.365
 38    12.605 53533.37837311  6.30 175.397108  64.727152  3.496
 38    11.195 53533.37837375 12.07 175.394178  64.730262  3.496
 38    13.930 53533.37837439 14.80 175.391258  64.733372  3.496
 38    11.766 53533.37837504 14.48 175.388336  64.736482 18.110
 38    12.855 53533.37837568 18.73 175.385416  64.739592 18.110
 39    37.215 53568.37839094  3.52 175.387939  64.727413  3.304
 39    31.604 53568.37839159  8.27 175.385019  64.730523  3.304
 39     5.749 53568.37839223 19.55 175.382099  64.733633  3.304
 39     5.428 53568.37839287 28.68 175.379179  64.736743  3.304
 40     6.269 53603.37833582 11.41 175.405130  64.725570  5.403
 40     5.043 53603.37833646 10.40 175.402210  64.728680  5.403
 40     5.692 53603.37833711 10.81 175.399290  64.731790  5.403
 40     7.306 53603.37833775 12.34 175.396370  64.734900  5.403
 40     5.798 53603.37833840 18.49 175.393440  64.738010  5.403
 41    26.567 53638.37833344 10.68 175.384226  64.718642  5.466
 41    26.501 53638.37833409 14.27 175.381306  64.721752  5.466
 41    26.866 53638.37833473 13.50 175.378376  64.724862  5.466
 41    33.138 53638.37833538 12.54 175.375456  64.727972  5.466
 41    35.790 53638.37833602 12.80 175.372536  64.731082  5.466
 41    35.384 53638.37833667 13.93 175.369606  64.734192  5.466
 42     1.799 53673.37835330 30.42 175.392034  64.717140 18.304
 42     2.008 53673.37835395 33.33 175.389114  64.720250 18.304
 42     1.730 53673.37835459 33.04 175.386194  64.723360 18.304
 42     1.433 53673.37835524 34.45 175.383274  64.726470 18.304
 42     1.750 53673.37835588 34.27 175.380354  64.729580 18.304
 42     1.781 53673.37835653 36.36 175.377424  64.732690 18.304
 42     1.898 53673.37835717 32.48 175.374504  64.735800 18.304
 43     1.493 53708.37828547 12.31 175.408901  64.724858  7.695
 43     1.243 53708.37828612 12.96 175.405981  64.727968  7.695
 43     1.633 53708.37828676 11.70 175.403051  64.731078  7.695
 43     2.038 53708.37828740 13.00 175.400131  64.734188  7.695
 43     2.179 53708.37828805 12.71 175.397211  64.737298  7.695
 44     1.547 53743.37819637  9.77 175.414594  64.726309  7.516
 44     1.576 53743.37819702 10.52 175.411674  64.729419  7.516
 44     2.091 53743.37819766 10.83 175.408754  64.732529  7.516
 44     2.177 53743.37819830  9.80 175.405834  64.735639  7.516
 44     2.134 53743.37819895  9.46 175.402914  64.738749  7.516
 45     8.778 53778.37822347  7.71 175.398393  64.721758 11.365
 45     9.707 53778.37822411  6.62 175.395473  64.724868 11.365
 45     4.220 53778.37822476  7.13 175.392553  64.727978 11.365
 45     4.088 53778.37822540  8.56 175.389623  64.731088 11.365
 45     4.294 53778.37822605  8.62 175.386703  64.734198 11.365
 45     4.337 53778.37822669  7.70 175.383783  64.737308 11.365
 45     4.106 53778.37822734  6.99 175.380852  64.740422  3.868
 46     4.912 53813.37819839  3.90 175.412421  64.725411  5.769
 46    32.340 53813.37819904  3.18 175.409501  64.728521  5.769
 46     7.632 53813.37819968  4.07 175.406581  64.731631  5.769
 46    32.242 53813.37820033  3.55 175.403661  64.734741  5.769
 46    35.805 53813.37820097  3.47 175.400741  64.737851  5.769
 47     6.350 53848.37825452  2.71 175.386989  64.716776  5.430
 47     4.900 53848.37825517  3.13 175.384069  64.719886  5.430
 47     5.184 53848.37825581  2.51 175.381149  64.722996  5.430
 47     4.002 53848.37825646  2.95 175.378219  64.726106  5.430
 47     5.783 53848.37825710  2.79 175.375299  64.729216  5.430
 47     7.352 53848.37825775  3.19 175.372369  64.732326  5.430
 47     4.305 53848.37825839  4.44 175.369449  64.735436  5.430
 49     6.311 53918.37833563 15.72 175.392141  64.716446  5.940
 49     5.938 53918.37833627 15.61 175.389221  64.719556  5.940
 49     5.586 53918.37833692 16.15 175.386301  64.722666  5.940
 49     4.689 53918.37833756 15.92 175.383381  64.725776  5.940
 49     4.671 53918.37833821 16.25 175.380461  64.728886  5.940
 49     4.417 53918.37833885 18.25 175.377531  64.731996  5.940
 49     4.923 53918.37833950 17.06 175.374611  64.735106  5.940
 50    16.550 53953.37833816  6.70 175.393029  64.716711 13.656
 50    11.374 53953.37833880 16.05 175.390109  64.719821 13.656
 50     9.267 53953.37833944 26.23 175.387189  64.722931 13.656
 50    11.769 53953.37834009 18.64 175.384269  64.726041 13.656
 50     7.105 53953.37834073 28.98 175.381349  64.729151 13.656
 50     7.422 53953.37834138 16.80 175.378429  64.732261 13.656
 50    10.131 53953.37834202 21.24 175.375499  64.735371 13.656
 52     9.171 54023.37831886 19.25 175.388983  64.718695 22.501
 52     8.314 54023.37831951 20.11 175.386063  64.721805 22.501
 52     9.037 54023.37832015 26.58 175.383133  64.724915 22.501
 52     7.284 54023.37832079 22.42 175.380213  64.728025 22.501
 52     9.497 54023.37832144 24.06 175.377293  64.731135 22.501
 52     5.567 54023.37832208 24.73 175.374363  64.734245 22.501
 52     8.235 54023.37832273 23.16 175.371443  64.737355 22.501
 53     8.260 54058.37831176 15.66 175.399743  64.723108 14.886
 53     5.070 54058.37831241 16.35 175.396823  64.726218 14.886
 53     4.346 54058.37831305 18.59 175.393893  64.729328 14.886
 53     4.234 54058.37831370 19.11 175.390973  64.732438 14.886
 53     5.534 54058.37831434 19.18 175.388053  64.735548 14.886
 53     5.844 54058.37831499 22.12 175.385123  64.738658 14.886
 55    15.882 54128.37822918  4.82 175.387168  64.716891  8.776
 55    30.129 54128.37822983  5.06 175.384248  64.720001  8.776
 55    30.652 54128.37823047  5.46 175.381318  64.723111  8.776
 55    29.856 54128.37823111  5.90 175.378398  64.726221  8.776
 55    34.540 54128.37823176  5.60 175.375468  64.729331  8.776
 55    33.779 54128.37823240  6.01 175.372548  64.732441  8.776
 55    38.024 54128.37823305  6.43 175.369618  64.735551  8.776
 56    29.161 54163.37826106  3.15 175.399322  64.720505  2.934
 56    29.259 54163.37826171  4.36 175.396402  64.723615  2.934
 56    35.992 54163.37826235  3.61 175.393482  64.726725  2.934
 56    36.807 54163.37826300  4.22 175.390562  64.729835  2.934
 56    37.439 54163.37826364  4.76 175.387642  64.732945  2.934
 56    39.974 54163.37826429  4.43 175.384722  64.736055  2.934
 56    44.488 54163.37826493  3.92 175.381792  64.739175  2.934
 57    25.012 54198.37823142  5.55 175.391386  64.716605  4.810
 57    29.445 54198.37823207  5.70 175.388466  64.719715  4.810
 57    32.284 54198.37823271  5.73 175.385546  64.722835  4.810
 57    33.836 54198.37823336  5.95 175.382626  64.725935  4.810
 57    37.326 54198.37823400  5.74 175.379696  64.729055  4.810
 57    34.961 54198.37823465  6.34 175.376776  64.732155  4.810
 57    42.245 54198.37823529  5.63 175.373846  64.735275  4.810
 58    35.011 54233.37827479  1.50 175.394872  64.719331  4.167
 58    34.378 54233.37827544  1.82 175.391942  64.722441  4.167
 58    36.642 54233.37827608  3.00 175.389022  64.725551  4.167
 58    38.903 54233.37827673  2.69 175.386102  64.728661  4.167
 58    41.347 54233.37827737  2.96 175.383182  64.731771  4.167
 58    44.452 54233.37827802  2.07 175.380252  64.734891  4.167
 58    47.283 54233.37827866  2.53 175.377332  64.737991  4.167
 59    12.171 54268.37829455  5.66 175.395209  64.723767 12.400
 59     8.350 54268.37829520 13.55 175.392289  64.726877 12.400
 59     5.985 54268.37829584 18.73 175.389369  64.729987 12.400
 59     7.306 54268.37829649 18.41 175.386439  64.733097 12.400
 59    10.451 54268.37829713 17.57 175.383519  64.736217 12.400
 59    11.798 54268.37829778 19.44 175.380599  64.739327 12.400
 60     6.161 54303.37829722 39.05 175.399295  64.719221 11.353
 60     5.094 54303.37829787 40.98 175.396375  64.722331 11.353
 60     6.389 54303.37829851 38.25 175.393445  64.725441 11.353
 60     6.015 54303.37829916 39.75 175.390525  64.728551 11.353
 60     5.318 54303.37829980 40.34 175.387605  64.731661 11.353
 60     3.293 54303.37830045 35.22 175.384685  64.734771 11.353
 60     3.547 54303.37830109 22.57 175.381755  64.737891 11.353
 61     7.201 54338.37828291 17.34 175.401537  64.722188 18.193
 61     6.545 54338.37828356 15.38 175.398607  64.725298 18.193
 61     7.493 54338.37828420 15.78 175.395687  64.728408 18.193
 61     5.638 54338.37828485 15.73 175.392767  64.731518 18.193
 61     7.609 54338.37828549 16.26 175.389847  64.734628 18.193
 61     9.011 54338.37828614 18.09 175.386927  64.737738 18.193
 62     6.745 54373.37823066 15.59 175.393519  64.718740  3.978
 62     6.455 54373.37823131 15.46 175.390589  64.721850  9.001
 62     5.283 54373.37823195 15.47 175.387669  64.724960  9.001
 62     5.591 54373.37823260 15.43 175.384749  64.728070  9.001
 62     5.963 54373.37823324 15.99 175.381829  64.731180  9.001
 62     6.953 54373.37823389 16.94 175.378899  64.734290  9.001
 62     9.470 54373.37823453 18.36 175.375979  64.737400  9.001
 63     8.351 54408.37822837 29.83 175.397579  64.721364 17.570
 63     9.349 54408.37822901 30.10 175.394659  64.724474 17.570
 63     9.079 54408.37822966 30.15 175.391730  64.727584 10.429
 63     4.192 54408.37823030 34.66 175.388810  64.730694 10.429
 63     7.145 54408.37823094 32.37 175.385890  64.733804 10.429
 63     2.854 54408.37823159 31.20 175.382970  64.736914 10.429
 63     3.038 54408.37823223 29.67 175.380040  64.740024 10.429
 64     3.372 54443.37819183 14.31 175.384857  64.718546  6.429
 64     4.225 54443.37819247 14.91 175.381937  64.721656  6.429
 64     4.281 54443.37819312 15.63 175.379007  64.724776  6.429
 64     3.239 54443.37819376 14.86 175.376087  64.727886  6.429
 64     2.391 54443.37819441 16.34 175.373157  64.730996  6.429
 64     2.555 54443.37819505 15.38 175.370237  64.734106  6.429
 65    27.744 54478.37821745  4.52 175.399165  64.719454  8.618
 65    30.611 54478.37821809  5.35 175.396245  64.722564  8.618
 65    31.311 54478.37821874  6.05 175.393325  64.725674  8.618
 65    38.218 54478.37821938  5.50 175.390405  64.728784  8.618
 65    38.591 54478.37822002  5.01 175.387475  64.731894  8.618
 65    39.161 54478.37822067  5.88 175.384555  64.735004  8.618
 65    43.153 54478.37822131  5.77 175.381635  64.738114  8.618
 66     4.566 54513.37820649  6.55 175.388397  64.717263  5.659
 66     4.850 54513.37820713  7.17 175.385467  64.720373  5.659
 66     6.878 54513.37820778  6.66 175.382547  64.723493  5.659
 66    32.444 54513.37820842  6.69 175.379627  64.726603  5.659
 66    35.163 54513.37820907  6.13 175.376697  64.729713  5.659
 66    38.117 54513.37820971  5.77 175.373777  64.732823  5.659
 66    38.980 54513.37821036  6.12 175.370857  64.735933  5.659
 67     5.682 54548.37823163  6.48 175.400948  64.722157  4.966
 67    27.316 54548.37823228  6.13 175.398028  64.725267  4.966
 67    32.490 54548.37823292  7.22 175.395108  64.728377  4.966
 67    35.589 54548.37823357  5.97 175.392188  64.731497  4.966
 67    37.366 54548.37823421  6.01 175.389268  64.734607  4.966
 67    41.476 54548.37823486  5.11 175.386338  64.737717  4.966
 67    43.736 54548.37823550  4.82 175.383418  64.740827  4.966
 68    28.733 54583.37820256  3.99 175.396814  64.719619  4.431
 68    32.069 54583.37820320  4.11 175.393894  64.722729  4.431
 68    29.801 54583.37820385  5.31 175.390974  64.725849  4.431
 68    35.986 54583.37820449  4.76 175.388054  64.728959  4.431
 68    37.500 54583.37820514  4.74 175.385134  64.732069  4.431
 68    39.736 54583.37820578  5.38 175.382204  64.735179  4.431
 68    43.818 54583.37820643  3.92 175.379284  64.738289  4.431
 69    19.090 54618.37822269  5.64 175.397969  64.719137 15.316
 69    17.535 54618.37822333 12.18 175.395049  64.722247 15.316
 69    13.705 54618.37822398 19.66 175.392119  64.725357 15.316
 69     9.977 54618.37822462 25.64 175.389199  64.728467 15.316
 69    10.966 54618.37822527 23.23 175.386279  64.731587 15.316
 69    11.009 54618.37822591 23.43 175.383359  64.734697 15.316
 69    10.686 54618.37822655 38.83 175.380429  64.737807 15.316
 70    -1.676 54653.37823455 29.03 175.396628  64.719767 11.257
 70     4.560 54653.37823520 21.11 175.393708  64.722877 11.257
 70     5.021 54653.37823584 19.42 175.390778  64.725987 11.257
 70     6.734 54653.37823649 39.24 175.387858  64.729107 11.257
 70     4.749 54653.37823713 44.23 175.384938  64.732217 11.257
 70     6.212 54653.37823778 42.47 175.382018  64.735327 11.257
 70     5.824 54653.37823842 41.98 175.379088  64.738437 11.257
 71     3.600 54688.37822380 19.14 175.401306  64.721542  9.759
 71     4.899 54688.37822444 14.69 175.398386  64.724652  9.759
 71     4.036 54688.37822509 14.38 175.395466  64.727762  9.759
 71     4.183 54688.37822573 13.78 175.392546  64.730872  9.759
 71     5.760 54688.37822638 14.08 175.389626  64.733982  9.759
 71     6.015 54688.37822702 15.50 175.386696  64.737092  9.759
 71     6.023 54688.37822767 28.56 175.383776  64.740202  9.759
 72     3.101 54723.37818239 22.10 175.387990  64.717882  5.895
 72     2.875 54723.37818304 22.65 175.385070  64.720992  5.895
 72     2.325 54723.37818368 22.41 175.382140  64.724112  5.895
 73     8.320 54758.37819936 29.17 175.398108  64.720781 22.220
 73     4.657 54758.37820000 30.20 175.395188  64.723891 22.220
 73     4.643 54758.37820065 32.39 175.392268  64.727001 22.220
 73     3.936 54758.37820129 34.48 175.389348  64.730111 22.220
 73     4.112 54758.37820194 36.91 175.386418  64.733221 22.220
 73     6.619 54758.37820258 37.54 175.383498  64.736331 22.220
 73     2.944 54758.37820323 37.11 175.380578  64.739441 22.220
 74     8.273 54793.37817536 19.75 175.385820  64.716165 19.336
 74     8.333 54793.37817600 19.91 175.382890  64.719275 19.336
 74     7.337 54793.37817665 20.72 175.379970  64.722385 19.336
 74     6.609 54793.37817729 20.52 175.377050  64.725495 19.336
 74     8.298 54793.37817794 19.60 175.374120  64.728615 19.336
 74     7.881 54793.37817858 20.23 175.371200  64.731715 19.336
 74     7.491 54793.37817922 20.28 175.368270  64.734835 19.336
 75     1.519 54828.37819751 12.67 175.397172  64.718242  7.201
 75     2.179 54828.37819815 12.43 175.394252  64.721352  7.201
 75     1.067 54828.37819880 13.57 175.391332  64.724462  7.201
 75     1.143 54828.37819944 12.98 175.388402  64.727572  7.201
 75     1.619 54828.37820009 12.42 175.385482  64.730682  7.201
 75     0.909 54828.37820073 12.76 175.382562  64.733792  7.201
 75     0.765 54828.37820138 11.78 175.379642  64.736912  7.201
 77     4.922 54898.37819787  4.60 175.397968  64.721953  4.610
 77     5.938 54898.37819851  4.56 175.395048  64.725063  4.610
 77     4.119 54898.37819915  5.36 175.392128  64.728173  4.610
 77     7.267 54898.37819980  5.29 175.389208  64.731283  4.610
 77     4.735 54898.37820044  4.88 175.386288  64.734393  4.610
 77     6.745 54898.37820109  4.81 175.383368  64.737503  4.610
 77     7.761 54898.37820173  4.75 175.380438  64.740613  4.610
 78     4.350 54933.37816432  3.10 175.392146  64.717505  6.068
 78     3.364 54933.37816496  4.32 175.389226  64.720615  6.068
 78     4.432 54933.37816560  3.61 175.386296  64.723725  6.068
 78     5.792 54933.37816625  4.17 175.383376  64.726845  6.068
 78     4.900 54933.37816689  4.07 175.380456  64.729955  6.068
 78     3.821 54933.37816754  4.25 175.377536  64.733065  6.068
 78     5.416 54933.37816818  4.50 175.374606  64.736175  6.068
 79     2.237 54968.37819874 33.27 175.397710  64.719078 15.920
 79     0.969 54968.37819939 35.15 175.394790  64.722188 15.920
 79     0.442 54968.37820003 30.33 175.391870  64.725298 15.920
 79     0.767 54968.37820068 26.83 175.388940  64.728408 15.920
 80     6.618 55003.37821900 11.10 175.392645  64.721539  6.567
 80     4.386 55003.37821965 15.06 175.389725  64.724649  6.567
 80     3.955 55003.37822029 14.88 175.386795  64.727759  6.567
 80     5.197 55003.37822093 14.27 175.383875  64.730879  6.567
 80     5.969 55003.37822158 14.21 175.380955  64.733979  6.567
 80     4.841 55003.37822222 17.69 175.378025  64.737099  6.567
 81    -1.952 55038.37820564 36.25 175.398179  64.721048 12.363
 81     3.204 55038.37820628 24.79 175.395259  64.724158 12.363
 81     4.394 55038.37820693 21.97 175.392329  64.727268 12.363
 81     4.315 55038.37820757 20.20 175.389409  64.730388 12.363
 81     4.930 55038.37820822 18.79 175.386489  64.733498 12.363
 81     6.376 55038.37820886 17.72 175.383559  64.736608 12.363
 81     6.111 55038.37820951 21.49 175.380639  64.739718 12.363
 82     5.635 55073.37819139 22.77 175.400492  64.723920 14.327
 82     5.845 55073.37819204 22.42 175.397572  64.727030 14.327
 82     5.657 55073.37819268 22.70 175.394652  64.730140 14.327
 82     7.178 55073.37819333 21.17 175.391722  64.733250 14.327
 82     9.239 55073.37819397 21.53 175.388802  64.736360 14.327
 82     5.910 55073.37819462 30.12 175.385882  64.739470 14.327
 83     3.205 55108.37813768 14.21 175.388839  64.718395  8.645
 83     3.948 55108.37813832 14.97 175.385919  64.721515  8.645
 83     2.580 55108.37813897 15.82 175.382999  64.724625  8.645
 83     2.272 55108.37813961 15.23 175.380069  64.727735  8.645
 83     3.484 55108.37814026 15.82 175.377149  64.730845  8.645
 83     4.287 55108.37814090 15.46 175.374219  64.733955  8.645
 83     4.919 55108.37814155 15.66 175.371299  64.737065  8.645
 85     6.617 55178.37811047 11.14 175.385915  64.717795 12.385
 85     8.272 55178.37811112 11.03 175.382995  64.720915 12.385
 85     8.511 55178.37811176 11.79 175.380075  64.724025 12.385
 85     9.010 55178.37811241 12.57 175.377155  64.727135 12.385
 85     7.888 55178.37811305 11.85 175.374225  64.730245 12.385
 85     7.746 55178.37811370 12.34 175.371305  64.733355 12.385
 85     8.525 55178.37811434 11.79 175.368375  64.736465 12.385
 86     7.943 55213.37813682  8.46 175.397904  64.720335  9.289
 86     8.328 55213.37813747  8.22 175.394984  64.723445  9.289
 86    11.010 55213.37813811  8.28 175.392064  64.726555  9.289
 86     8.798 55213.37813876  8.76 175.389144  64.729665  9.289
 86    10.598 55213.37813940  8.92 175.386214  64.732775  9.289
 86     9.538 55213.37814005  9.54 175.383294  64.735885  9.289
 86     8.768 55213.37814069  8.63 175.380374  64.739005  9.289
 87     2.755 55248.37811010  8.29 175.394047  64.716294  5.417
 87     4.299 55248.37811075  7.85 175.391127  64.719404  5.417
 87     3.591 55248.37811139  9.34 175.388207  64.722514  5.417
 87     2.426 55248.37811204  9.58 175.385277  64.725624  5.417
 87     5.565 55248.37811268  8.86 175.382357  64.728734  5.417
 87     1.341 55248.37811333 10.05 175.379437  64.731844  5.417
 87     0.892 55248.37811397  9.98 175.376507  64.734964  5.417
 88     3.035 55283.37813106  7.30 175.398696  64.722674  4.283
 88     2.820 55283.37813170  7.87 175.395776  64.725784  4.283
 88     1.908 55283.37813234  8.50 175.392856  64.728894  4.283
 88     3.874 55283.37813299  8.01 175.389936  64.732004  4.283
 88     6.971 55283.37813363  7.37 175.387016  64.735114  4.283
 88     3.638 55283.37813428  7.13 175.384086  64.738234  4.283
 89     1.904 55318.37810065  5.67 175.398260  64.718418  4.523
 89     2.418 55318.37810129  6.91 175.395340  64.721528  4.523
 89     1.206 55318.37810194  6.40 175.392420  64.724638  4.523
 89     0.929 55318.37810387  9.01 175.383660  64.733968  4.523
 90     9.432 55353.37810377 19.00 175.398285  64.722320 15.602
 90     9.978 55353.37810441 15.67 175.395365  64.725430 15.602
 90    11.218 55353.37810506 13.79 175.392435  64.728540 15.602
 90     9.098 55353.37810570 14.99 175.389515  64.731660 15.602
 90    13.255 55353.37810635 14.62 175.386595  64.734770 15.602
 90    13.193 55353.37810699 15.72 175.383675  64.737880 15.602
 90    11.892 55353.37810764 24.94 175.380745  64.740990 15.602
 91     7.858 55388.37810105 12.80 175.387164  64.719372 13.822
 91     7.290 55388.37810169 12.75 175.384234  64.722482 13.822
 91     7.031 55388.37810234 12.48 175.381314  64.725592 13.822
 91     6.708 55388.37810298 12.52 175.378394  64.728702 13.822
 91     7.363 55388.37810362 12.45 175.375464  64.731812 13.822
 91     6.181 55388.37810427 14.09 175.372544  64.734922 13.822
 92     6.555 55423.37812095 36.10 175.399295  64.719916 16.953
 92     4.749 55423.37812159 24.09 175.396375  64.723026 16.953
 92     8.582 55423.37812224 18.56 175.393455  64.726136 16.953
 92     9.516 55423.37812288 25.68 175.390535  64.729246 16.953
 92     8.901 55423.37812353 23.40 175.387615  64.732356 16.953
 92    10.109 55423.37812417 22.29 175.384685  64.735466 16.953
 92     6.208 55423.37812482 23.92 175.381765  64.738576 16.953
 93     1.015 55458.37809330 19.46 175.402862  64.723558  9.857
 93    16.615 55458.37809394 11.76 175.399942  64.726668  9.857
 93     7.776 55458.37809459 12.56 175.397022  64.729778  9.857
 93    10.311 55458.37809523 13.08 175.394102  64.732888  9.857
 93     6.804 55458.37809588 15.90 175.391182  64.735998  9.857
 93     7.486 55458.37809652 19.61 175.388252  64.739118  9.857
