-149509.401   202.932     0.00   17.55
-149143.102   203.812     2.40   23.83
-148776.876   210.804    19.09   33.57
-148410.724   226.533    42.96   43.62
-148044.645   229.253     7.43   45.46
-147678.639   223.666   -15.27   38.46
-147312.707   217.967   -15.58   31.40
-146946.848   213.846   -11.27   27.98
-146581.063   216.157     6.32   31.31
-146215.350   227.264    30.37   38.71
-145837.528   234.696    19.67   47.33
-145456.571   238.913    11.07   49.56
-145075.695   229.247   -25.38   41.67
-144694.899   217.891   -29.82   29.32
-144314.183   206.185   -30.75   20.59
-143933.548   196.699   -24.92   17.46
-143552.993   191.663   -13.23   15.55
-143172.519   201.118    24.85   30.98
-142792.125   225.212    63.34   47.85
-142411.810   252.283    71.19   47.95
-142031.576   266.300    36.87   41.49
-141651.422   269.236     7.72   44.36
-141271.349   269.501     0.70   45.80
-140891.355   272.559     8.05   40.80
-140511.441   280.785    21.65   32.18
-140131.607   274.404   -16.80   32.80
-139751.852   262.200   -32.14   33.79
-139372.178   244.785   -45.87   34.83
-138992.583   224.319   -53.92   37.90
-138613.068   198.913   -66.95   36.66
-138233.632   175.300   -62.24   29.89
-137854.276   158.717   -43.72   17.62
-137475.000   157.700    -2.68   17.05
-137095.803   166.956    24.41   27.04
-136716.686   187.180    53.35   34.51
-136337.647   203.202    42.27   30.37
-135958.689   213.376    26.85   27.74
-135579.809   215.914     6.70   24.40
-135201.009   212.047   -10.21   20.43
-134822.288   204.699   -19.41   20.74
-134443.646   200.553   -10.95   21.98
-134065.083   197.290    -8.62   24.89
-133686.599   199.443     5.69   27.93
-133308.194   201.163     4.54   27.10
-132929.868   201.141    -0.06   28.43
-132551.621   201.913     2.04   28.24
-132173.453   205.478     9.43   29.26
-131795.364   208.489     7.96   29.34
-131417.353   212.420    10.40   27.85
-131039.421   217.206    12.67   22.59
-130661.568   223.734    17.28   23.15
-130283.793   244.206    54.20   33.59
-129906.097   268.048    63.13   31.57
-129528.480   280.500    32.98   26.61
-129150.940   283.757     8.63   26.75
-128773.480   267.304   -43.59   31.37
-128396.097   244.408   -60.68   30.68
-128018.793   221.269   -61.34   33.95
-127641.567   197.827   -62.15   27.36
-127264.420   181.903   -42.23   22.81
-126887.350   176.885   -13.31   22.18
-126510.359   183.258    16.91   35.25
-126133.446   195.804    33.29   48.31
-125756.610   207.441    30.88   58.72
-125379.853   213.757    16.77   65.03
-125003.174   207.806   -15.80   64.08
-124626.572   192.141   -41.60   54.57
-124250.048   174.806   -46.04   42.25
-123873.603   154.722   -53.36   22.95
-123497.234   151.441    -8.72   18.18
-123120.944   166.955    41.23   40.49
-122744.731   209.215   112.34   62.77
-122368.596   250.013   108.48   51.13
-121992.538   272.731    60.42   37.92
-121616.558   266.415   -16.80   42.59
-121240.655   239.527   -71.54   41.30
-120864.830   222.082   -46.42   30.26
-120489.082   222.742     1.76   26.92
-120113.411   235.829    34.84   31.18
-119737.818   254.656    50.13   30.68
-119362.302   268.346    36.46   33.08
-118986.863   270.591     5.98   40.47
-118611.501   269.865    -1.94   41.39
-118236.216   279.554    25.82   41.67
-117861.008   291.376    31.51   41.01
-117485.877   300.478    24.27   34.48
-117110.823   314.079    36.27   32.98
-116735.846   339.163    66.90   46.83
-116360.946   374.078    93.14   58.60
-115986.123   410.391    96.89   47.78
-115611.376   416.945    17.49   41.16
-115236.706   385.380   -84.25   62.21
-114862.113   341.378  -117.48   64.30
-114487.596   303.489  -101.18   49.85
-114113.156   282.278   -56.65   48.23
-113738.792   279.283    -8.00   51.76
-113364.505   274.223   -13.52   48.92
-112990.294   272.772    -3.88   41.19
-112616.160   265.141   -20.40   38.89
-112242.102   260.572   -12.22   38.28
-111868.120   252.011   -22.89   38.89
-111494.215   240.734   -30.16   39.77
-111120.385   218.902   -58.40   46.40
-110746.632   194.158   -66.21   43.16
-110372.955   182.141   -32.16   28.36
-109999.354   189.578    19.91   33.14
-109625.829   210.239    55.32   33.59
-109252.380   231.619    57.25   19.46
-108879.006   241.804    27.28   18.25
-108505.709   247.842    16.17   20.97
-108132.488   252.096    11.40   18.92
-107759.342   254.943     7.63   17.07
-107386.272   246.279   -23.22   23.11
-107013.278   233.118   -35.29   29.17
-106640.359   212.011   -56.60   36.82
-106267.516   185.804   -70.30   37.12
-105894.748   158.053   -74.45   39.66
-105522.056   130.048   -75.15   32.41
-105149.440   106.446   -63.35   26.11
-104776.898    87.415   -51.09   16.47
-104404.433    74.446   -34.82   12.59
-104032.042    66.899   -20.27   10.63
-103659.727    61.319   -14.99    7.08
-103287.487    60.126    -3.20    5.75
-102915.322    58.739    -3.73    5.62
-102543.232    56.356    -6.41    7.19
-102171.218    51.489   -13.08    8.87
-101799.278    48.600    -7.77    8.35
-101427.414    48.946     0.93    8.59
-101055.624    47.423    -4.10    7.77
-100683.909    44.616    -7.55    8.20
-100312.270    42.598    -5.43    8.61
 -99940.705    38.856   -10.07    6.51
 -99569.215    36.620    -6.02    3.72
 -99197.799    35.932    -1.85    3.87
 -98826.458    34.848    -2.92    4.52
 -98455.192    31.781    -8.26    5.52
 -98084.001    26.489   -14.26    8.45
 -97712.884    21.653   -13.03    8.17
 -97341.841    17.533   -11.10    5.64
 -96970.873    14.823    -7.31    3.39
 -96599.980    12.824    -5.39    2.99
 -96229.161    11.934    -2.40    4.06
 -95858.416    17.736    15.65   14.24
 -95487.745    29.167    30.84   22.17
 -95117.149    46.609    47.07   23.87
 -94746.627    59.206    34.00   15.42
 -94376.179    62.877     9.91   13.07
 -94005.805    54.435   -22.80   19.72
 -93635.505    39.945   -39.13   21.98
 -93265.279    28.231   -31.64   19.84
 -92895.128    19.023   -24.88   14.27
 -92525.050    15.054   -10.73    9.89
 -92155.046    12.804    -6.08    5.91
 -91785.116    13.033     0.62    4.39
 -91415.259    12.339    -1.88    3.82
 -91045.477    11.206    -3.06    4.32
 -90675.768    12.596     3.76    5.53
 -90306.133    13.641     2.83    6.84
 -89936.571    17.322     9.96    9.96
 -89567.083    21.834    12.21   11.91
 -89197.669    24.293     6.66   12.51
 -88828.328    29.367    13.74   12.43
 -88459.061    36.123    18.30   14.71
 -88089.867    46.285    27.53   18.77
 -87720.746    57.550    30.52   17.54
 -87351.699    67.932    28.14   12.57
 -86982.725    72.742    13.04    7.24
 -86613.824    73.825     2.94    6.49
 -86244.996    70.511    -8.99    8.97
 -85876.242    65.583   -13.36    8.28
 -85507.560    63.934    -4.47    7.85
 -85138.952    67.394     9.39   11.66
 -84770.417    75.747    22.67   16.08
 -84401.955    84.226    23.01   17.61
 -84033.565    91.934    20.93   15.49
 -83665.249    95.451     9.55   13.61
 -83297.005    93.558    -5.14   12.56
 -82928.834    87.352   -16.86   13.52
 -82560.736    77.269   -27.39   13.67
 -82192.711    71.000   -17.03   11.38
 -81824.758    67.467    -9.60    7.25
 -81456.878    71.352    10.56    8.55
 -81089.071    78.661    19.87    8.11
 -80721.336    83.967    14.43    7.57
 -80353.674    86.580     7.11    5.86
 -79986.084    84.846    -4.72    7.55
 -79618.566    81.124   -10.13    8.48
 -79251.121    74.700   -17.48    7.24
 -78883.748    70.867   -10.44    5.62
 -78516.448    67.530    -9.09    5.13
 -78149.220    66.286    -3.39    4.73
 -77782.064    66.560     0.75    5.50
 -77414.980    69.203     7.20    6.23
 -77047.968    71.954     7.50    5.62
 -76681.029    70.596    -3.70    7.52
 -76314.161    68.437    -5.89    7.91
 -75947.366    66.736    -4.64    6.89
 -75580.642    64.921    -4.95    7.02
 -75213.990    60.367   -12.42   11.13
 -74847.410    54.736   -15.36   11.85
 -74480.902    49.243   -14.99    8.65
 -74114.466    45.793    -9.41    6.74
 -73748.102    47.346     4.24    7.80
 -73381.809    50.641     9.00    9.00
 -73015.588    52.118     4.03    8.33
 -72649.438    49.978    -5.84   10.63
 -72283.360    44.281   -15.56   12.95
 -71917.354    37.723   -17.92    9.03
 -71551.419    33.387   -11.85    5.34
 -71177.907    31.745    -4.40    5.58
 -70797.112    32.410     1.75    6.75
 -70416.395    31.550    -2.26    6.92
 -70035.757    31.610     0.16    6.95
 -69655.197    30.533    -2.83    5.63
 -69274.715    30.410    -0.32    5.44
 -68894.311    29.989    -1.11    5.41
 -68513.986    28.774    -3.20    5.13
 -68133.739    27.967    -2.12    4.13
 -67753.570    27.862    -0.28    3.95
 -67373.478    27.315    -1.44    4.25
 -66993.465    27.641     0.86    4.15
 -66613.530    27.663     0.06    3.96
 -66233.672    29.141     3.89    5.12
 -65853.893    34.692    14.62    6.97
 -65474.191    39.519    12.71    7.42
 -65094.567    44.110    12.09    6.74
 -64715.021    46.794     7.07    5.00
 -64335.552    47.550     1.99    3.89
 -63956.161    49.641     5.51    4.54
 -63576.847    53.300     9.65    6.70
 -63197.611    57.910    12.16    6.79
 -62818.452    60.641     7.20    4.88
 -62439.371    62.592     5.15    3.44
 -62060.367    61.550    -2.75    3.65
 -61681.441    60.564    -2.60    3.40
 -61302.591    62.198     4.31    4.48
 -60923.819    62.785     1.55    5.09
 -60545.124    63.619     2.20    4.65
 -60166.507    63.367    -0.66    4.77
 -59787.966    61.589    -4.70    6.56
 -59409.502    57.686   -10.31    8.33
 -59031.116    55.967    -4.54    8.11
 -58652.806    59.057     8.17   11.97
 -58274.573    63.853    12.68   12.58
 -57896.417    66.889     8.03   10.33
 -57518.338    64.564    -6.15   11.67
 -57140.335    59.192   -14.21    9.66
 -56762.410    54.725   -11.82    5.86
 -56384.560    54.934     0.55    6.34
 -56006.788    56.889     5.18    7.36
 -55629.092    59.000     5.59    7.79
 -55251.473    60.753     4.64    8.99
 -54873.930    62.596     4.88    7.99
 -54496.463    62.900     0.80    5.98
 -54119.073    63.121     0.59    7.31
 -53741.760    62.024    -2.91    8.77
 -53364.522    57.583   -11.77   11.67
 -52987.361    51.760   -15.44   13.59
 -52610.276    44.323   -19.72   11.57
 -52233.267    38.484   -15.49    5.91
 -51856.334    38.046    -1.16    4.34
 -51479.478    38.437     1.04    4.03
 -51102.697    36.506    -5.12    5.62
 -50725.993    34.199    -6.12    6.07
 -50349.364    31.967    -5.93    5.14
 -49972.811    29.875    -5.56    3.99
 -49596.334    28.868    -2.67    3.67
 -49219.933    28.106    -2.03    2.42
 -48843.607    27.638    -1.25    2.03
 -48467.358    27.197    -1.17    2.34
 -48091.183    26.978    -0.58    2.22
 -47715.085    26.769    -0.56    2.86
 -47339.062    26.451    -0.85    2.68
 -46963.115    26.176    -0.73    2.41
 -46587.243    25.445    -1.94    2.03
 -46211.446    25.166    -0.74    0.98
 -45835.725    24.989    -0.47    0.11
 -45460.079    24.978    -0.03    0.00
 -45084.509    24.978     0.00    0.00
 -44709.014    24.978     0.00    0.00
 -44333.594    24.978     0.00    0.00
 -43958.249    24.978     0.00    0.00
 -43582.979    25.011     0.09    0.18
 -43207.784    25.082     0.19    0.31
 -42832.665    25.056    -0.07    0.27
 -42457.620    25.012    -0.12    0.18
 -42082.650    24.978    -0.09    0.00
 -41707.756    24.978     0.00    0.00
 -41332.936    24.978     0.00    0.00
 -40958.190    24.978     0.00    0.00
 -40583.520    24.978     0.00    0.00
 -40208.924    24.978     0.00    0.00
 -39834.403    24.745    -0.62    1.01
 -39459.957    23.760    -2.63    3.03
 -39085.585    21.944    -4.85    4.57
 -38711.288    21.507    -1.17    4.69
 -38337.065    21.389    -0.31    4.75
 -37962.917    21.990     1.60    4.52
 -37588.843    21.989    -0.00    4.49
 -37214.844    21.796    -0.52    4.62
 -36840.918    21.045    -2.01    4.85
 -36467.067    20.846    -0.53    5.08
 -36093.291    21.223     1.01    5.68
 -35719.588    22.697     3.95    6.08
 -35345.960    24.405     4.57    5.36
 -34972.406    25.967     4.18    3.19
 -34598.925    25.416    -1.47    3.30
 -34225.519    25.145    -0.73    3.24
 -33852.187    25.389     0.65    3.63
 -33478.929    25.956     1.52    3.97
 -33105.744    26.888     2.50    3.42
 -32732.634    27.293     1.08    3.14
 -32359.597    28.139     2.27    3.53
 -31986.634    29.267     3.02    3.53
 -31613.744    30.955     4.53    3.65
 -31240.929    34.315     9.01    5.17
 -30868.187    37.208     7.76    5.78
 -30495.518    40.765     9.54    8.86
 -30122.923    46.350    14.99   11.45
 -29750.402    50.857    12.10   11.97
 -29377.954    55.061    11.29    9.37
 -29005.579    54.495    -1.52    8.42
 -28633.278    49.594   -13.16    9.61
 -28261.050    43.739   -15.73    8.61
 -27888.896    39.157   -12.31    6.11
 -27516.814    34.667   -12.07    5.79
 -27144.806    32.388    -6.13    5.55
 -26772.871    31.315    -2.88    5.12
 -26401.009    30.073    -3.34    4.24
 -26029.220    31.079     2.71    3.31
 -25657.504    31.119     0.11    2.80
 -25285.862    34.068     7.93    6.54
 -24914.292    37.507     9.26    7.07
 -24542.795    39.866     6.35    5.70
 -24171.370    40.626     2.05    4.43
 -23800.019    39.378    -3.36    4.13
 -23428.740    37.178    -5.93    3.93
 -23057.534    35.978    -3.23    4.35
 -22686.401    35.149    -2.24    4.76
 -22315.341    34.262    -2.39    4.69
 -21944.353    33.562    -1.89    4.67
 -21573.437    31.572    -5.37    4.37
 -21202.594    29.900    -4.51    4.10
 -20831.824    28.208    -4.56    3.48
 -20461.126    25.725    -6.70    4.18
 -20090.500    24.501    -3.30    4.55
 -19719.947    25.751     3.37    6.20
 -19349.466    26.484     1.98    6.78
 -18979.057    26.592     0.29    7.17
 -18608.720    25.376    -3.28    7.30
 -18238.456    21.507   -10.45    4.13
 -17868.264    19.776    -4.68    2.71
 -17498.144    21.556     4.81    4.25
 -17128.096    23.610     5.55    6.23
 -16758.119    25.589     5.35    6.49
 -16388.215    26.205     1.67    5.35
 -16018.383    24.068    -5.78    6.31
 -15648.623    20.899    -8.57    6.14
 -15278.934    20.717    -0.49    6.73
 -14909.318    23.045     6.30    7.43
 -14539.773    25.978     7.94    5.96
 -14170.299    27.810     4.96    4.89
 -13800.898    28.725     2.48    5.55
 -13431.568    30.484     4.76    4.84
 -13062.310    31.955     3.98    3.92
 -12693.123    31.450    -1.37    5.33
 -12324.008    31.424    -0.07    6.41
 -11954.964    31.694     0.73    7.13
 -11585.991    32.605     2.47    6.61
 -11217.090    32.978     1.01    5.75
 -10848.261    33.312     0.90    4.46
 -10479.502    32.944    -1.00    4.22
 -10110.815    34.675     4.69    5.70
  -9742.199    36.956     6.19    5.71
  -9373.655    39.115     5.86    5.09
  -9005.181    42.455     9.07    4.50
  -8636.779    43.089     1.72    5.90
  -8268.447    43.169     0.22    6.23
  -7900.187    42.888    -0.76    6.31
  -7531.998    41.449    -3.91    6.35
  -7163.879    40.387    -2.89    6.88
  -6795.831    39.291    -2.98    7.51
  -6427.855    38.615    -1.84    7.66
  -6059.949    37.050    -4.25    5.94
  -5692.114    36.444    -1.65    4.66
  -5324.349    36.327    -0.32    3.94
  -4956.655    35.012    -3.58    3.98
  -4589.032    33.819    -3.25    4.79
  -4221.480    30.734    -8.39    6.56
  -3853.998    26.796   -10.71    6.47
  -3486.586    22.842   -10.76    5.67
  -3119.246    19.296    -9.65    6.69
  -2751.975    16.174    -8.50    8.65
  -2384.775    11.194   -13.56    9.44
  -2017.645     6.037   -14.05    7.52
  -1650.586     2.178   -10.51    3.91
  -1283.597     0.612    -4.27    2.01
   -916.678     0.115    -1.36    0.61
   -549.829    -0.022    -0.37    0.00
   -183.051    -0.022     0.00    0.00
    183.658    -0.022     0.00    0.00
    550.296    -0.022     0.00    0.00
    916.864    -0.022     0.00    0.00
   1283.362    -0.022     0.00    0.00
   1649.790     0.546     1.55    2.00
   2016.149     5.013    12.19    7.89
   2382.437    12.203    19.63   11.33
   2748.656    19.835    20.84   10.01
   3114.805    22.717     7.87    7.00
   3484.336    20.919    -4.87    8.05
   3864.975    20.300    -1.62    7.68
   4245.538    23.099     7.35   10.83
   4626.024    32.410    24.47   13.11
   5006.434    43.204    28.38    9.22
   5386.768    51.535    21.90    9.73
   5767.026    60.967    24.80   12.25
   6147.208    71.675    28.17   14.87
   6527.314    84.921    34.85   14.60
   6907.343    96.478    30.41   13.98
   7287.297   109.748    34.93   13.82
   7667.175   123.136    35.24   16.30
   8046.976   140.615    46.02   21.33
   8426.703   162.622    57.96   28.86
   8806.353   195.389    86.31   44.72
   9185.927   234.714   103.60   63.83
   9565.426   283.921   129.66   71.09
   9944.849   324.013   105.66   64.66
  10324.197   357.830    89.15   52.84
  10703.469   375.431    46.40   45.62
  11082.665   386.671    29.64   35.69
  11461.786   385.788    -2.33   45.32
  11840.832   392.056    16.54   58.28
  12219.802   404.484    32.79   68.43
  12598.697   422.165    46.66   58.82
  12977.516   434.359    32.19   40.10
  13356.261   408.160   -69.17   53.94
  13734.930   375.368   -86.60   46.24
  14113.524   366.259   -24.06   43.83
  14492.043   379.231    34.27   64.61
  14870.486   430.353   135.08  102.25
  15248.855   498.769   180.82  116.97
  15627.149   547.180   127.97  111.17
  16005.368   581.153    89.82   94.82
  16383.512   570.478   -28.23   82.56
  16761.581   519.128  -135.82  106.33
  17139.575   444.115  -198.45  126.01
  17517.494   344.304  -264.10   99.04
  17895.339   304.220  -106.09   64.73
  18273.109   317.660    35.58   85.40
  18650.805   367.147   131.02  107.04
  19028.426   448.327   214.98   99.29
  19405.972   505.023   150.17   87.78
  19783.444   550.060   119.31   85.79
  20160.841   577.944    73.89   80.71
  20538.164   592.495    38.56   82.28
  20915.413   585.025   -19.80   87.94
  21292.587   572.461   -33.31   94.64
  21669.687   533.728  -102.71  100.74
  22046.713   470.277  -168.29  104.83
  22423.664   408.827  -163.02   97.63
  22800.542   346.399  -165.64   68.67
  23177.345   315.472   -82.07   38.86
  23554.074   308.501   -18.51   39.34
  23930.729   308.061    -1.17   51.26
  24307.311   313.671    14.90   56.00
  24683.818   321.676    21.26   59.56
  25060.251   333.637    31.78   58.89
  25436.611   359.390    68.42   62.77
  25812.897   381.580    58.97   61.46
  26189.109   372.812   -23.31   64.29
  26565.247   334.080  -102.97   72.10
  26941.312   289.513  -118.51   62.58
  27317.303   271.450   -48.04   42.35
  27693.220   291.225    52.60   61.62
  28069.064   346.069   145.92   78.47
  28444.834   411.347   173.71   73.13
  28820.531   485.637   197.74   84.70
  29196.154   538.716   141.31   71.01
  29571.704   569.455    81.85   55.07
  29947.181   577.228    20.70   55.16
  30322.585   575.567    -4.42   65.02
  30697.915   574.942    -1.67   70.00
  31073.172   589.102    37.73   77.07
  31448.356   604.686    41.54   71.75
  31823.466   603.274    -3.76   64.19
  32198.504   575.820   -73.20   78.66
  32573.468   503.415  -193.09   99.17
  32948.360   424.870  -209.51   84.63
  33323.179   369.500  -147.72   62.12
  33697.924   340.990   -76.08   51.70
  34072.597   335.944   -13.47   60.16
  34447.197   328.893   -18.82   64.60
  34821.725   311.944   -45.25   55.52
  35196.179   293.929   -48.11   52.95
  35570.561   283.399   -28.13   39.74
  35944.870   289.919    17.42   36.56
  36319.107   295.237    14.21   33.32
  36693.271   293.255    -5.30   38.48
  37067.362   267.444   -69.00   46.66
  37441.381   234.966   -86.83   32.19
  37815.328   220.728   -38.07   15.48
  38189.202   232.407    31.24   35.55
  38563.003   261.274    77.22   49.03
  38936.733   280.249    50.77   43.28
  39310.390   273.319   -18.55   46.50
  39683.975   252.319   -56.21   41.83
  40057.488   234.540   -47.60   22.81
  40430.928   225.339   -24.64   17.77
  40804.297   218.819   -17.46   19.65
  41177.593   211.676   -19.13   22.49
  41550.817   211.796     0.32   27.83
  41923.970   225.315    36.23   44.31
  42297.050   249.194    64.00   52.65
  42670.059   273.776    65.90   48.01
  43042.995   294.080    54.44   34.92
  43415.860   311.737    47.35   33.69
  43788.653   334.815    61.91   39.29
  44161.374   357.688    61.36   45.68
  44534.024   383.656    69.68   53.83
  44906.602   384.185     1.42   62.60
  45279.108   380.558    -9.74   71.89
  45651.543   383.649     8.30   76.59
  46023.906   401.887    48.98   84.85
  46396.198   439.450   100.89   94.33
  46768.418   485.593   123.96   75.86
  47140.567   524.664   104.98   94.04
  47512.644   563.626   104.71  116.47
  47884.651   586.829    62.37  118.89
  48256.585   580.711   -16.45  128.34
  48628.449   531.304  -132.86  138.77
  49000.241   443.825  -235.28  105.58
  49371.963   379.001  -174.38   80.74
  49743.613   329.578  -132.98   48.65
  50115.192   306.399   -62.38   35.59
  50486.700   289.573   -45.29   40.55
  50858.137   268.817   -55.88   48.01
  51229.503   250.820   -48.46   44.83
  51600.798   246.208   -12.42   33.17
  51972.022   260.564    38.67   32.76
  52343.175   274.192    36.72   30.54
  52714.258   290.905    45.04   32.56
  53085.270   313.319    60.41   43.91
  53456.211   332.645    52.10   46.92
  53827.081   372.702   108.00   53.73
  54197.881   401.207    76.87   63.38
  54568.610   424.449    62.69   73.82
  54939.269   441.484    45.96   79.85
  55309.857   456.240    39.81   80.17
  55680.374   465.932    26.16   70.94
  56050.821   491.047    67.79   64.40
  56421.198   512.106    56.86   63.09
  56791.504   545.246    89.49   74.83
  57161.741   584.495   106.01   71.57
  57531.906   605.342    56.31   66.05
  57902.002   605.378     0.10   61.34
  58272.027   596.312   -24.50   64.73
  58641.982   601.160    13.11   61.44
  59011.867   612.335    30.21   57.96
  59381.682   626.467    38.21   61.45
  59751.427   636.327    26.67   62.18
  60121.102   609.047   -73.79   76.38
  60490.707   545.264  -172.56   98.56
  60860.242   466.863  -212.15  120.38
  61229.707   381.478  -231.09   89.70
  61599.102   339.433  -113.82   60.49
  61968.428   338.173    -3.41   51.89
  62337.684   372.335    92.51   61.02
  62706.870   407.454    95.12   44.53
  63075.986   424.876    47.20   32.17
  63445.033   439.192    38.79   29.90
  63814.010   450.932    31.82   33.29
  64182.917   468.231    46.89   31.33
  64551.755   489.874    58.67   40.62
  64920.523   517.397    74.63   62.22
  65289.222   553.954    99.15   72.49
  65657.852   576.512    61.19   78.74
  66026.412   571.197   -14.42   90.64
  66394.903   557.519   -37.11   91.70
  66763.325   557.560     0.11   87.33
  67131.677   580.362    61.90   83.04
  67499.960   601.073    56.24   72.52
  67868.174   606.748    15.41   65.23
  68236.319   596.393   -28.13   69.79
  68604.395   568.438   -75.94   73.26
  68972.401   535.053   -90.71   68.11
  69340.339   501.967   -89.92   70.36
  69708.207   478.520   -63.73   60.25
  70076.007   460.048   -50.22   61.59
  70443.738   458.075    -5.37   66.56
  70811.400   460.606     6.89   82.20
  71178.993   470.443    26.76   95.23
  71546.517   473.371     7.97  102.85
  71913.972   468.967   -11.99  102.54
  72281.359   447.990   -57.09   87.45
  72648.677   422.397   -69.67   83.12
  73015.927   374.234  -131.14   89.40
  73383.108   328.281  -125.15   83.60
  73750.220   278.014  -136.92   68.90
  74117.264   236.887  -112.04   39.18
  74484.239   224.734   -33.11   28.35
  74851.146   256.455    86.45   65.95
  75217.984   310.941   148.52   85.34
  75584.755   379.490   186.89   97.43
  75951.456   426.085   127.06   89.50
  76318.090   446.467    55.59   85.27
  76684.655   445.553    -2.49   84.70
  77051.152   417.716   -75.95   85.37
  77417.581   396.012   -59.23   63.06
  77783.941   397.025     2.76   49.96
  78150.234   412.990    43.58   55.82
  78530.310   446.374    87.83   70.65
  78910.719   483.385    97.29   86.15
  79291.054   515.790    85.20   95.53
  79671.314   522.876    18.63   96.50
  80051.500   482.932  -105.06   94.32
  80431.613   448.676   -90.11   70.97
  80811.651   460.955    32.31   86.13
  81191.615   515.087   142.46   96.38
  81571.505   553.001    99.80   70.77
  81951.321   544.359   -22.75   80.57
  82331.063   491.804  -138.39  108.22
  82710.731   417.820  -194.85   96.24
  83090.326   372.850  -118.46   64.61
  83469.847   367.398   -14.37   66.61
  83849.294   395.679    74.53   77.74
  84228.667   432.894    98.09   66.62
  84607.966   435.967     8.10   55.24
  84987.192   438.219     5.94   63.41
  85366.345   449.289    29.19   81.13
  85745.424   483.099    89.18   93.39
  86124.429   526.036   113.28   94.14
  86503.361   532.629    17.40  107.53
  86882.219   510.514   -58.37  115.40
  87261.004   479.863   -80.91  101.05
  87639.716   453.932   -68.47   74.90
  88018.355   465.002    29.23   77.24
  88396.920   479.061    37.13   87.54
  88775.412   478.455    -1.60   95.19
  89153.831   467.100   -30.01   87.66
  89532.177   481.839    38.95   91.74
  89910.450   523.062   108.97   97.58
  90288.650   557.610    91.34   84.50
  90666.776   539.448   -48.03  106.84
  91044.830   494.664  -118.45  107.26
  91422.811   473.805   -55.18   94.73
  91800.719   500.365    70.27  116.09
  92178.554   514.125    36.42  122.18
  92556.317   478.637   -93.93  125.61
  92934.007   446.820   -84.24  102.37
  93311.624   448.001     3.13   89.66
  93689.168   492.905   118.93   94.65
  94066.640   547.501   144.63  102.40
  94444.039   600.773   141.15  131.77
  94821.366   674.507   195.40  136.14
  95198.620   711.834    98.94  111.30
  95575.802   683.402   -75.37  126.14
  95952.911   605.649  -206.17  135.90
  96329.948   509.199  -255.79  107.96
  96706.913   434.757  -197.46   85.17
  97083.805   387.038  -126.60   84.98
  97460.625   330.645  -149.64   69.10
  97837.373   288.990  -110.56   59.82
  98214.049   247.291  -110.69   30.93
  98590.653   231.543   -41.81   21.80
  98967.185   220.478   -29.38   19.22
  99343.644   215.677   -12.75   20.16
  99720.032   231.872    43.02   55.93
 100096.348   256.850    66.37   84.09
 100472.591   269.402    33.36   88.87
 100848.763   265.501   -10.37   78.26
 101224.863   244.599   -55.57   61.19
 101600.892   238.605   -15.94   49.13
 101976.848   227.874   -28.54   37.60
 102352.733   228.013     0.37   39.84
 102728.546   227.094    -2.44   39.75
 103104.288   220.846   -16.63   36.54
 103479.958   213.688   -19.05   31.92
 103855.557   207.064   -17.63   18.15
 104231.084   206.070    -2.65   12.59
 104606.539   210.395    11.52   14.02
 104981.923   232.583    59.10   43.38
 105357.236   254.347    57.99   55.00
 105732.477   288.049    89.81   57.27
 106107.647   319.112    82.79   47.39
 106482.746   326.266    19.07   44.32
 106857.774   324.797    -3.91   52.10
 107232.730   310.943   -36.95   63.20
 107607.616   295.088   -42.29   59.04
 107982.430   287.548   -20.11   52.91
 108357.173   286.028    -4.06   51.18
 108731.845   288.944     7.78   46.23
 109106.447   278.163   -28.78   51.27
 109480.977   260.300   -47.69   53.95
 109855.436   246.250   -37.52   54.70
 110229.825   236.185   -26.88   61.31
 110604.142   223.534   -33.80   64.12
 110978.389   203.025   -54.80   59.08
 111352.566   179.978   -61.59   45.54
 111726.671   156.211   -63.53   38.32
 112100.706   132.066   -64.55   26.95
 112474.670   115.415   -44.52   24.47
 112848.564    98.053   -46.43   12.45
 113222.387    89.222   -23.62    9.15
 113596.140    83.153   -16.24    5.39
 113969.822    80.637    -6.73    3.61
 114343.434    80.228    -1.09    3.29
 114716.975    80.257     0.08    3.29
 115090.446    80.756     1.34    3.50
 115463.847    81.289     1.43    3.37
 115837.178    81.015    -0.73    3.44
 116210.438    80.323    -1.85    3.63
 116583.628    79.521    -2.15    3.67
 116956.748    78.746    -2.08    3.26
 117329.798    77.694    -2.82    3.13
 117702.778    76.327    -3.67    3.06
 118075.688    74.509    -4.87    2.47
 118448.528    72.978    -4.11    2.59
 118821.298    71.454    -4.09    2.67
 119193.998    69.908    -4.15    2.48
 119566.628    68.316    -4.27    2.06
 119939.188    66.954    -3.65    2.10
 120311.679    65.484    -3.95    2.03
 120684.099    64.208    -3.43    1.70
 121056.450    63.288    -2.47    1.74
 121428.732    62.467    -2.21    1.73
 121800.944    62.100    -0.98    1.58
 122173.086    61.966    -0.36    1.35
 122545.159    62.171     0.55    1.27
 122917.162    62.289     0.32    1.08
 123289.095    62.264    -0.07    1.08
 123660.960    62.050    -0.58    1.17
 124032.755    61.832    -0.59    1.21
 124404.480    61.315    -1.39    1.36
 124776.136    60.734    -1.56    1.29
 125147.723    60.178    -1.50    1.33
 125519.241    59.978    -0.54    1.19
 125890.689    59.853    -0.34    1.35
 126262.069    59.716    -0.37    1.47
 126633.379    59.597    -0.32    1.67
 127004.620    59.385    -0.57    1.65
 127375.792    58.907    -1.29    1.48
 127746.895    58.749    -0.42    1.47
 128117.929    58.629    -0.32    1.07
 128488.894    58.327    -0.81    1.09
 128859.791    57.810    -1.40    1.14
 129230.618    57.731    -0.21    1.20
 129601.377    57.955     0.60    1.18
 129972.066    58.202     0.67    1.10
 130342.687    58.546     0.93    0.87
 130713.240    58.788     0.65    0.90
 131083.723    59.186     1.07    1.06
 131454.139    59.737     1.49    1.12
 131824.485    60.496     2.05    1.25
 132194.763    61.571     2.90    1.92
 132564.972    62.803     3.33    2.17
 132935.113    64.781     5.34    3.34
 133305.186    67.028     6.07    5.26
 133675.190    69.813     7.53    7.12
 134045.126    72.191     6.43    7.31
 134414.993    74.192     5.41    6.79
 134784.792    75.791     4.32    4.93
 135154.523    75.432    -0.97    3.64
 135524.186    76.159     1.97    3.62
 135893.780    78.885     7.38    5.81
 136263.307    82.581    10.00    6.30
 136632.765    87.085    12.19    5.08
 137002.155    89.943     7.74    4.41
 137371.478    91.884     5.26    4.84
 137740.732    92.929     2.83    5.08
 138109.918    93.944     2.75    5.58
 138479.036    94.109     0.45    5.82
 138848.087    94.870     2.06    6.14
 139217.070    94.967     0.26    6.48
 139585.984    98.490     9.55   10.96
 139954.832   103.478    13.52   16.13
 140323.611   110.966    20.30   21.02
 140692.323   119.062    21.95   24.85
 141060.967   129.423    28.10   27.22
 141429.543   131.908     6.74   24.87
 141798.052   134.807     7.87   21.78
 142166.493   141.036    16.90   27.32
 142534.867   154.141    35.57   35.15
 142903.174   183.327    79.24   47.29
 143271.413   208.181    67.49   46.73
 143639.584   224.119    43.29   45.69
 144007.688   224.744     1.70   46.50
 144375.725   200.062   -67.06   51.54
 144743.695   176.114   -65.07   39.29
 145111.597   161.661   -39.28   21.15
 145479.433   165.327     9.97   24.35
 145847.201   183.519    49.46   38.00
 146214.902   202.966    52.88   43.85
 146582.535   232.862    81.31   52.16
 146950.102   250.025    46.69   49.46
 147317.602   259.629    26.13   45.19
 147685.035   254.531   -13.87   42.90
 148052.400   242.594   -32.49   39.41
 148419.699   228.885   -37.32   32.13
 148786.931   214.978   -37.87   33.97
 149154.096   196.335   -50.77   41.66
 149521.195   169.155   -74.03   35.45
 149888.226   146.684   -61.22   24.26
 150255.191   130.016   -45.42   13.96
 150622.090   120.773   -25.19    9.79
 150988.921   115.336   -14.82    6.48
 151355.686   111.618   -10.14    3.19
 151722.384   109.060    -6.98    3.01
 152089.016   108.383    -1.85    5.80
 152455.581   113.183    13.09   13.24
 152822.080   124.383    30.56   20.31
 153198.428   133.885    25.25   18.83
 153578.686   140.776    18.12   13.65
 153958.872   138.539    -5.88   12.30
 154338.986   141.364     7.43   13.39
 154719.028   153.112    30.91   25.36
 155098.998   165.748    33.25   30.80
 155478.895   174.763    23.73   30.65
 155858.721   170.249   -11.88   28.37
 156238.474   163.991   -16.48   22.00
 156618.156   162.350    -4.32   16.22
 156997.765   168.783    16.94   19.56
 157377.302   190.284    56.64   34.08
 157756.768   225.040    91.58   44.63
 158136.162   258.788    88.94   42.98
 158515.484   296.672    99.86   44.54
 158894.734   332.846    95.37   45.43
 159273.912   367.713    91.94   47.57
 159653.019   399.908    84.91   53.72
 160032.054   452.773   139.45   79.53
 160411.018   504.448   136.34   86.04
 160789.910   522.002    46.32   80.15
 161168.730   512.135   -26.04   89.26
 161547.479   452.781  -156.69   93.58
 161926.157   386.386  -175.31   74.64
 162304.763   328.597  -152.61   68.66
 162683.298   280.447  -127.19   48.16
 163061.762   252.425   -74.03   37.33
 163440.154   242.350   -26.62   45.23
 163818.475   250.514    21.58   64.02
 164196.724   250.278    -0.62   74.31
 164574.903   242.061   -21.73   70.20
 164953.011   224.243   -47.12   60.20
 165331.047   201.749   -59.49   40.82
 165709.012   199.534    -5.86   37.98
 166086.907   224.157    65.15   66.34
 166464.730   261.578    99.03   78.19
 166842.483   284.919    61.78   71.29
 167220.164   273.698   -29.71   87.05
 167597.775   241.269   -85.87   95.68
 167975.315   191.701  -131.27   69.85
 168352.785   159.496   -85.31   47.53
 168730.183   135.728   -62.97   24.23
 169107.511   125.802   -26.30   10.31
 169484.768   121.378   -11.72    4.63
 169861.955   120.460    -2.43    3.52
 170239.071   119.942    -1.37    3.75
 170616.116   119.410    -1.41    3.49
 170993.091   118.583    -2.19    2.83
 171369.996   117.839    -1.97    1.47
 171746.830   117.966     0.34    1.11
 172123.594   118.320     0.94    1.02
 172500.288   118.719     1.06    1.24
 172876.911   118.991     0.72    1.33
 173253.464   119.669     1.80    1.82
 173629.947   120.485     2.17    2.03
 174006.359   121.920     3.81    2.54
 174382.702   123.795     4.98    2.01
 174758.974   125.538     4.63    2.57
 175135.176   127.583     5.44    2.52
 175511.309   129.555     5.24    2.68
 175887.371   131.711     5.73    2.48
 176263.363   132.931     3.25    2.22
 176639.286   134.141     3.22    2.13
 177015.139   135.562     3.78    2.12
 177390.922   137.472     5.08    2.49
 177766.635   139.478     5.34    3.01
 178142.278   142.027     6.78    2.98
 178517.852   144.084     5.48    2.73
 178893.356   146.304     5.91    2.39
 179268.790   147.954     4.40    2.39
 179644.155   149.544     4.24    2.05
 180019.450   150.966     3.79    2.14
 180394.676   152.581     4.30    2.06
 180769.832   153.846     3.37    2.39
 181144.919   155.621     4.73    2.39
 181519.936   157.684     5.50    2.80
 181894.884   160.261     6.87    3.41
 182269.763   162.509     6.00    3.68
 182644.572   164.931     6.46    3.12
 183019.313   166.918     5.30    2.54
 183393.984   169.653     7.30    3.92
 183768.586   173.608    10.56    7.73
 184143.118   179.271    15.12   14.11
 184517.582   184.867    14.94   17.85
 184891.977   188.815    10.54   17.40
 185266.302   192.064     8.68   15.40
 185640.559   199.917    20.98   16.21
 186014.747   212.040    32.39   20.13
 186388.865   236.478    65.31   36.04
 186762.915   264.756    75.59   42.68
 187136.897   293.381    76.53   45.71
 187510.809   305.491    32.38   47.26
 187884.653   301.343   -11.09   50.10
 188258.427   292.028   -24.92   47.31
 188632.134   284.038   -21.38   36.84
 189005.771   286.523     6.65   29.16
 189379.340   295.943    25.21   30.34
 189752.841   297.856     5.12   33.35
 190126.273   287.790   -26.95   37.68
 190499.636   284.586    -8.58   38.11
 190872.931   284.502    -0.22   36.51
 191246.158   290.434    15.89   34.65
 191619.316   297.296    18.39   29.18
 191992.406   304.004    17.98   22.46
 192365.428   319.442    41.38   35.64
 192738.381   351.735    86.57   57.30
 193111.266   414.766   169.01   98.32
 193484.083   486.299   191.84  103.12
 193856.832   528.990   114.51   75.83
 194229.513   533.447    11.96   75.48
 194602.126   496.827   -98.26   93.35
 194974.670   444.877  -139.43   74.27
 195347.147   408.761   -96.95   64.91
 195719.556   384.778   -64.39   63.02
 196091.896   355.908   -77.52   61.45
 196464.169   327.447   -76.44   57.24
 196836.374   300.539   -72.28   46.33
 197208.512   284.608   -42.80   38.70
 197580.581   275.461   -24.58   40.32
 197952.583   270.546   -13.21   42.10
 198324.517   262.588   -21.39   25.93
 198696.383   262.853     0.71   17.44
 199068.182   278.162    41.17   27.01
 199439.913   294.620    44.27   26.37
 199811.577   311.881    46.43   27.84
 200183.173   327.731    42.65   45.04
 200554.702   344.664    45.57   63.25
 200926.163   352.990    22.41   74.22
 201297.557   361.283    22.32   76.15
 201668.883   381.114    53.40   85.95
 202040.142   393.629    33.71   91.49
 202411.334   403.689    27.10   93.37
 202782.459   424.039    54.82  102.38
 203153.516   447.768    63.94  102.03
 203524.506   480.390    87.92   96.68
 203895.429   513.966    90.51   88.43
 204266.285   534.871    56.36   74.84
 204637.074   547.259    33.40   71.37
 205007.796   559.795    33.81   74.72
 205378.451   549.581   -27.55   84.89
 205749.039   544.776   -12.96   96.13
 206119.560   543.222    -4.19  104.48
 206490.014   541.222    -5.40  112.03
 206860.401   536.637   -12.38  114.95
 207230.721   500.219   -98.32  109.59
 207600.975   462.906  -100.76   81.04
 207971.162   455.137   -20.98   71.65
 208341.282   482.112    72.87  106.65
 208711.335   536.381   146.63  117.82
 209081.322   600.823   174.15  114.86
 209451.242   660.534   161.39  115.27
 209821.096   699.527   105.41  113.80
 210190.883   745.287   123.73  107.30
 210560.604   774.792    79.79  101.67
 210930.258   783.620    23.88  111.45
 211299.846   743.551  -108.40  138.98
 211669.367   667.805  -204.95  153.77
 212038.822   598.602  -187.28  118.19
 212408.211   562.350   -98.12   86.99
 212777.533   548.157   -38.42   76.82
 213146.789   537.978   -27.56   75.73
 213515.979   526.908   -29.98   64.09
 213885.103   536.106    24.92   68.70
 214254.161   580.990   121.60   81.46
 214623.153   625.606   120.89   59.44
 214992.078   632.049    17.46   63.09
 215360.938   627.353   -12.73   70.58
 215729.731   627.657     0.82   68.79
 216098.459   649.051    58.01   66.92
 216467.120   673.885    67.35   72.57
 216835.716   687.816    37.79   67.96
 217204.246   686.539    -3.46   67.17
 217572.710   663.137   -63.50   76.49
 217941.108   618.112  -122.20   82.48
 218309.441   570.795  -128.44   75.72
 218677.708   531.954  -105.45   74.65
 219045.909   494.689  -101.19   68.83
 219414.044   465.759   -78.57   60.34
 219782.114   446.990   -50.98   48.69
 220150.118   430.844   -43.87   41.07
 220518.057   426.781   -11.04   42.12
 220885.931   435.336    23.25   49.65
 221253.738   447.613    33.37   48.48
 221621.481   457.102    25.80   40.12
 221989.158   479.039    59.65   46.57
 222356.770   508.641    80.51   66.13
 222724.316   527.825    52.19   65.96
 223091.797   542.465    39.83   61.41
 223459.213   532.834   -26.21   65.47
 223826.563   499.273   -91.34   64.09
 224193.849   463.190   -98.23   66.05
 224561.069   432.978   -82.26   65.97
 224928.224   389.527  -118.32   70.93
 225295.314   344.410  -122.88   62.94
 225662.339   308.364   -98.20   48.98
 226029.299   284.398   -65.30   29.64
 226396.194   279.710   -12.78   30.96
 226763.024   284.905    14.16   40.47
 227129.789   290.905    16.36   38.74
 227496.490   301.228    28.15   35.69
 227869.407   314.267    34.96   35.61
 228249.518   341.291    71.08   40.99
 228629.558   384.466   113.58   50.46
 229009.528   429.805   119.30   61.08
 229389.428   476.867   123.86   61.44
 229769.258   496.941    52.84   46.97
 230149.017   508.496    30.42   51.90
 230528.706   531.094    59.51   65.09
 230908.325   564.722    88.57   76.77
 231287.874   596.914    84.80   63.78
 231667.353   597.526     1.61   66.62
 232046.762   568.824   -75.63   80.71
 232426.101   523.781  -118.72   80.54
 232805.370   482.349  -109.22   72.65
 233184.569   449.312   -87.11   66.24
 233563.698   409.161  -105.88   60.07
 233942.757   373.159   -94.96   49.33
 234321.747   343.649   -77.85   37.22
 234700.667   329.064   -38.48   35.42
 235079.517   308.436   -54.44   42.12
 235458.297   282.368   -68.81   47.75
 235837.008   250.756   -83.46   41.37
 236215.649   227.766   -60.71   25.06
 236594.221   215.649   -32.00   15.40
 236972.723   205.030   -28.05   15.58
 237351.156   193.990   -29.17   14.56
 237729.519   184.491   -25.10    9.47
 238107.812   178.419   -16.05    5.64
 238486.037   175.350    -8.11    5.67
 238864.192   171.435   -10.35    6.49
 239242.278   169.067    -6.26    5.35
 239620.294   166.858    -5.84    4.63
 239998.241   165.345    -4.00    3.89
 240376.120   165.442     0.26    2.93
 240753.929   164.637    -2.13    2.70
 241131.668   165.161     1.39    3.17
 241509.339   169.454    11.36    9.18
 241886.941   173.595    10.97   10.17
 242264.474   180.867    19.26   12.82
 242641.938   193.478    33.40   22.52
 243019.333   214.288    55.13   31.52
 243396.659   230.628    43.30   25.80
 243773.916   232.793     5.74   22.37
 244151.104   221.619   -29.62   27.10
 244528.224   204.508   -45.36   20.71
 244905.275   192.876   -30.85    6.06
 245282.257   192.151    -1.92    5.17
 245659.170   198.452    16.71   14.42
 246036.015   215.283    44.65   25.18
 246412.792   233.401    48.08   24.07
 246789.500   252.419    50.47   21.49
 247166.139   271.128    49.67   24.86
 247542.710   291.966    55.32   37.34
 247919.212   321.366    78.07   50.98
 248295.646   356.629    93.66   65.02
 248672.012   402.274   121.26   72.33
 249048.309   425.398    61.44   66.84
 249424.539   457.442    85.15   51.72
 249800.699   473.686    43.17   46.58
 250176.792   463.759   -26.39   48.49
 250552.817   457.344   -17.06   64.03
 250928.773   430.617   -71.08   84.56
 251304.661   390.842  -105.79   96.35
 251680.482   348.087  -113.74   85.89
 252056.234   309.978  -101.40   49.93
 252431.918   303.274   -17.84   48.78
 252807.534   323.003    52.51   71.99
 253183.083   354.013    82.56   91.21
 253558.563   368.028    37.32   97.20
 253933.976   359.497   -22.72   92.54
 254309.321   336.773   -60.53   79.54
 254684.598   306.669   -80.20   62.76
 255059.807   284.381   -59.39   49.33
 255434.949   263.356   -56.03   23.78
 255810.023   259.294   -10.83   18.71
 256185.030   259.361     0.18   16.91
 256559.968   256.158    -8.54   16.09
 256934.840   247.612   -22.79   12.48
 257309.644   239.860   -20.68    9.53
 257684.380   241.576     4.58   15.01
 258059.049   251.042    25.26   28.24
 258433.650   278.621    73.61   46.18
 258808.185   316.291   100.56   56.11
 259182.651   356.435   107.18   69.06
 259557.051   395.645   104.71   70.88
 259931.383   420.119    65.37   70.43
 260305.648   446.262    69.84   67.51
 260679.846   466.200    53.27   69.01
 261053.977   495.608    78.59   76.55
 261428.041   514.352    50.10   80.40
 261802.037   515.421     2.86   85.18
 262175.967   490.271   -67.25   85.83
 262549.830   462.052   -75.46   66.02
 262923.625   450.931   -29.75   49.96
 263297.354   463.682    34.11   51.41
 263671.016   487.588    63.96   54.73
 264044.611   505.616    48.24   52.04
 264418.139   503.532    -5.58   56.28
 264791.600   498.259   -14.12   70.69
 265164.995   485.649   -33.76   72.80
 265538.323   481.588   -10.88   63.01
 265911.584   483.453     5.00   53.84
 266284.779   502.225    50.29   60.80
 266657.907   523.112    55.97   69.82
 267030.968   546.759    63.37   88.05
 267403.963   548.299     4.13   90.52
 267776.892   538.328   -26.73   80.93
 268149.754   536.356    -5.29   68.61
 268522.549   541.472    13.72   58.35
 268895.278   556.990    41.63   65.32
 269267.941   586.818    80.02   64.01
 269640.538   610.328    63.09   62.78
 270013.068   620.625    27.63   62.46
 270385.532   602.003   -49.98   73.27
 270757.930   549.645  -140.57   84.95
 271130.261   490.516  -158.77   80.98
 271502.527   425.930  -173.46   73.59
 271874.726   379.283  -125.30   67.39
 272246.859   327.210  -139.90   55.95
 272618.927   289.941  -100.15   43.07
 272990.928   265.441   -65.85   24.73
 273362.863   257.484   -21.39   13.27
 273734.733   266.259    23.59   25.54
 274106.536   291.793    68.66   46.87
 274478.274   342.768   137.10   71.98
 274849.946   383.188   108.73   68.32
 275221.552   432.893   133.73   59.40
 275593.092   479.521   125.47   65.66
 275964.566   514.064    92.97   66.91
 276335.975   540.803    71.98   62.68
 276707.318   554.810    37.71   53.88
 277078.596   554.698    -0.30   53.03
 277449.808   541.344   -35.97   60.42
 277820.955   519.612   -58.54   63.13
 278192.036   472.316  -127.43   59.82
 278563.051   428.719  -117.48   62.02
 278934.001   388.783  -107.63   50.38
 279304.886   382.832   -16.04   47.59
 279675.705   419.904    99.95   86.10
 280046.459   490.824   191.24  108.29
 280417.148   564.200   197.90   76.55
 280787.771   598.125    91.51   47.23
 281158.329   599.234     2.99   53.72
 281528.822   581.015   -49.17   61.56
 281899.250   570.266   -29.01   82.29
 282269.613   566.102   -11.24   93.50
 282639.911   557.892   -22.17   94.70
 283010.143   531.759   -70.57   86.15
 283380.311   477.966  -145.29   86.55
 283750.413   428.016  -134.93   95.15
 284120.451   368.670  -160.34   63.94
 284490.423   359.490   -24.80   48.81
 284860.331   399.503   108.14   81.88
 285230.174   468.707   187.07   97.51
 285599.952   554.396   231.68   90.21
 285969.666   624.539   189.68   90.23
 286339.314   693.776   187.26   89.86
 286708.898   717.571    64.37   79.92
 287078.417   719.537     5.32   81.51
 287447.872   705.768   -37.26   91.91
 287817.262   676.965   -77.96  102.25
 288186.587   677.906     2.55  119.48
 288555.848   676.485    -3.85  121.32
 288925.044   641.657   -94.31  107.62
 289294.176   601.649  -108.36   91.02
 289663.243   560.818  -110.61   66.07
 290032.246   520.722  -108.63   74.04
 290401.185   457.250  -172.00   97.05
 290770.059   379.531  -210.64  103.48
 291138.869   303.283  -206.69  101.18
 291507.615   230.433  -197.52   81.22
 291876.296   175.846  -148.03   64.68
 292244.914   138.928  -100.13   44.26
 292613.467   118.803   -54.59   22.87
 292981.956   115.848    -8.02   16.10
 293350.381   129.356    36.66   24.50
 293718.741   150.560    57.55   27.42
 294087.038   178.818    76.71   29.28
 294455.271   210.691    86.54   40.69
 294823.440   261.571   138.16   63.92
 295191.544   314.299   143.21   76.24
 295559.585   369.941   151.15   74.71
 295927.562   414.161   120.14   67.77
 296295.476   454.178   108.74   63.38
 296663.325   482.282    76.38   55.79
 297031.111   504.546    60.52   45.26
 297398.833   511.065    17.72   54.25
 297766.491   493.324   -48.24   72.27
 298134.085   475.842   -47.54   72.50
 298501.616   474.606    -3.36   73.22
 298869.084   506.633    87.13   88.28
 299236.487   534.801    76.65   83.35
 299603.828   517.905   -45.98   91.59
 299971.104   474.165  -119.06  109.68
 300338.317   388.509  -233.20  108.14
 300705.467   321.728  -181.85   75.93
 301072.554   320.316    -3.85   75.45
 301439.577   373.412   144.63  122.72
 301806.536   457.125   228.07  126.67
 302173.433   537.837   219.93   90.65
 302543.207   594.137   152.22   60.83
 302923.172   609.498    40.42   42.69
 303303.068   593.842   -41.20   50.65
 303682.895   561.818   -84.29   65.46
 304062.655   507.866  -142.04   77.71
 304442.346   457.143  -133.56   72.83
 304821.968   427.677   -77.60   63.25
 305201.522   416.566   -29.27   52.10
 305581.008   427.842    29.71   58.87
 305960.426   436.434    22.64   52.45
 306339.775   448.191    30.98   46.94
 306719.056   453.834    14.87   50.73
 307098.269   458.371    11.96   49.74
 307477.414   462.818    11.73   42.52
 307856.491   467.602    12.62   37.33
 308235.500   509.250   109.86   86.55
 308614.441   568.320   155.84  111.07
 308993.314   629.147   160.51  113.11
 309372.119   666.542    98.69   96.43
 309750.857   670.756    11.12   85.70
 310129.526   663.388   -19.45   72.38
 310508.127   639.691   -62.58   73.02
 310886.661   593.928  -120.86   85.55
 311265.127   536.234  -152.40   72.93
 311643.526   510.546   -67.87   48.93
 312021.856   529.168    49.21   60.90
 312400.119   571.373   111.55   54.90
 312778.315   600.877    77.99   42.16
 313156.443   629.291    75.13   69.00
 313534.503   654.839    67.56   84.02
 313912.496   658.378     9.36   87.53
 314290.422   650.085   -21.94   89.41
 314668.280   605.620  -117.65   95.78
 315046.071   539.861  -174.02   94.38
 315423.794   456.114  -221.66  106.80
 315801.450   384.446  -189.72  102.82
 316179.039   321.303  -167.18   82.91
 316556.561   254.396  -177.18   59.74
 316934.015   207.978  -122.94   64.39
 317311.403   163.091  -118.91   43.26
 317688.723   138.830   -64.28   27.24
 318065.976   124.427   -38.17    8.05
 318443.162   122.016    -6.39    7.17
 318820.281   122.657     1.70    9.17
 319197.333   130.725    21.39   19.18
 319574.318   151.466    55.00   33.65
 319951.236   181.414    79.44   57.46
 320328.088   219.728   101.64   78.33
 320704.872   260.848   109.11   86.08
 321081.590   286.497    68.07   84.44
 321458.241   295.557    24.05   85.66
 321834.825   294.065    -3.96   93.74
 322211.343   288.939   -13.61   92.64
 322587.794   284.686   -11.30   72.67
 322964.178   309.965    67.15   82.63
 323340.496   353.781   116.40  122.67
 323716.747   403.105   131.06  125.41
 324092.932   439.616    97.03   99.62
 324469.050   437.928    -4.49   74.46
 324845.102   403.441   -91.68   64.05
 325221.087   366.719   -97.64   57.90
 325597.006   350.941   -41.96   61.87
 325972.859   343.879   -18.78   67.79
 326348.645   344.722     2.24   72.43
 326724.365   351.029    16.78   72.19
 327100.019   350.266    -2.03   77.24
 327475.607   352.892     6.99   78.48
 327851.128   361.953    24.12   78.24
 328226.584   370.253    22.10   69.27
 328601.973   405.563    94.04   90.77
 328977.296   441.661    96.15  109.82
